#
#   VizieR Astronomical Server vizier.cds.unistra.fr
#    Date: 2026-06-28T04:46:25 [V7.5.6]
#   In case of problem, please report to:	cds-question@unistra.fr
#
#
#Coosys	J2000:	eq_FK5 J2000
#INFO	service_protocol=ASU	  IVOID of the protocol through which the data was retrieved
#INFO	request_date=2026-06-28T04:46:25	  Query execution date
#INFO	request=https://vizier.cds.unistra.fr/viz-bin/asu-tsv?-source=I/239/hip_main&-out=RAdeg,DEdeg,Vmag&-out.max=10000&Vmag=&lt;6.5	  Full request URL
#INFO	contact=cds-question@unistra.fr	  Email or URL to contact publisher
#INFO	server_software=VizieR/7.5.6	  Software version
#INFO	publisher=CDS	  Data centre that produced the VOTable

#RESOURCE=yCat_1239
#Name: I/239
#Title: The Hipparcos and Tycho Catalogues (ESA 1997)
#INFO	ivoid=ivo://cds.vizier/i/239	    IVOID of underlying data collection
#INFO	data_ivoid=ivo://cds.vizier/i/239	    IVOID of underlying data collection
#INFO	creator=ESA 1997	    First author or institution
#INFO	cites=1997HIP...C......0E	    Article or Data origin sources
#INFO	reference_url=https://cdsarc.cds.unistra.fr/viz-bin/cat/I/239	    Dataset landing page
#INFO	publication_date=2021-11-18	    Date of first publication in the data centre
#INFO	rights_uri=https://cds.unistra.fr/vizier-org/licences_vizier.html	    Licence URI
#Coosys	H_1991.250:	ICRS
#Table	I_239_hip_main:
#Name: I/239/hip_main
#Title: The Hipparcos Main Catalogue
#Column	Vmag	(F5.2)	? Magnitude in Johnson V (H5)	[ucd=phot.mag;em.opt.V]
Vmag
mag
-----
 6.28
 6.43
 6.18
 6.49
 6.36
 5.71
 6.22
 5.53
 4.78
 5.58
 6.25
 5.13
 4.37
 5.80
 5.04
 6.33
 5.70
 5.87
 6.25
 6.46
 6.24
 4.55
 6.31
 5.90
 5.78
 6.38
 4.99
 6.11
 5.59
 5.68
 6.09
 6.25
 6.47
 6.32
 5.80
 4.61
 5.55
 5.98
 5.70
 5.57
 6.07
 6.19
 6.20
 6.43
 5.93
 5.67
 6.18
 5.99
 2.07
 6.41
 6.11
 6.21
 6.24
 6.47
 5.57
 6.32
 2.28
 6.01
 5.42
 3.88
 6.34
 5.54
 5.29
 5.84
 5.01
 5.84
 4.89
 5.41
 5.24
 6.18
 5.29
 2.83
 5.78
 6.24
 5.71
 5.94
 6.14
 6.22
 5.13
 4.79
 4.44
 5.77
 6.25
 6.17
 6.02
 6.34
 6.35
 6.43
 6.49
 5.66
 6.35
 6.12
 6.12
 5.74
 4.61
 5.86
 6.46
 6.11
 6.19
 6.07
 4.51
 5.88
 6.47
 6.10
 6.33
 3.56
 6.35
 4.23
 5.89
 6.46
 5.38
 5.50
 5.79
 5.16
 5.96
 5.18
 5.61
 6.25
 6.39
 6.43
 5.58
 6.08
 6.48
 5.38
 5.72
 5.77
 2.82
 3.93
 2.40
 6.24
 6.16
 5.99
 6.44
 4.86
 6.40
 5.01
 6.05
 5.18
 6.05
 6.44
 5.42
 6.26
 6.28
 6.15
 5.72
 5.20
 5.94
 5.17
 5.67
 6.18
 6.18
 4.76
 6.18
 5.88
 4.36
 4.53
 5.59
 4.74
 5.69
 5.38
 5.07
 6.26
 4.17
 5.93
 6.41
 6.11
 5.55
 6.41
 6.47
 5.57
 6.39
 5.20
 5.94
 6.04
 5.51
 6.32
 6.45
 6.06
 5.08
 5.78
 6.43
 5.14
 5.89
 4.34
 3.69
 6.18
 6.40
 5.57
 5.45
 6.43
 4.34
 6.43
 5.45
 3.27
 5.88
 6.38
 6.00
 5.36
 5.89
 6.49
 2.24
 6.14
 5.90
 5.30
 4.59
 6.06
 5.72
 5.83
 4.80
 5.38
 6.18
 5.99
 6.05
 4.36
 4.95
 2.04
 6.01
 4.77
 5.90
 5.66
 6.06
 4.48
 5.22
 5.94
 6.15
 5.41
 6.15
 6.15
 5.64
 6.47
 5.80
 6.03
 5.49
 5.36
 6.39
 6.41
 5.51
 6.11
 4.08
 5.98
 5.70
 5.42
 5.57
 5.86
 5.92
 5.74
 5.09
 4.44
 4.90
 6.28
 5.07
 3.46
 5.90
 5.59
 6.27
 4.53
 5.55
 6.49
 5.17
 6.13
 5.24
 5.35
 6.38
 6.04
 6.39
 6.22
 5.47
 4.78
 4.80
 6.44
 6.07
 5.73
 6.27
 6.15
 5.80
 5.59
 5.46
 4.83
 5.45
 6.28
 6.19
 5.88
 6.11
 6.08
 5.35
 6.46
 6.20
 4.62
 2.15
 3.86
 5.56
 6.39
 4.40
 6.44
 6.10
 5.44
 6.30
 5.99
 6.47
 6.23
 5.97
 4.30
 5.62
 6.14
 5.69
 6.40
 5.59
 6.48
 6.47
 6.12
 6.48
 5.50
 6.25
 5.50
 5.39
 5.95
 4.27
 6.46
 5.40
 6.28
 5.92
 6.06
 5.99
 5.83
 6.20
 6.44
 6.03
 5.64
 6.09
 5.33
 5.55
 6.35
 3.32
 5.58
 6.12
 6.28
 6.14
 6.41
 6.31
 6.36
 5.36
 5.71
 5.21
 5.56
 6.44
 5.04
 6.23
 5.17
 5.51
 3.94
 5.77
 3.46
 4.24
 6.24
 4.26
 2.07
 5.57
 6.41
 6.07
 6.40
 5.67
 5.81
 5.97
 5.32
 4.34
 5.15
 5.80
 5.56
 4.66
 6.49
 4.51
 5.57
 5.93
 5.60
 6.13
 5.95
 6.24
 6.40
 5.21
 4.67
 6.44
 6.33
 5.97
 5.14
 6.04
 5.70
 4.97
 4.25
 5.87
 6.20
 6.04
 6.27
 5.42
 6.23
 6.11
 6.36
 5.13
 6.29
 6.39
 6.44
 4.74
 5.87
 4.95
 6.31
 6.16
 6.26
 6.33
 5.23
 6.37
 4.87
 6.35
 6.21
 6.36
 5.97
 5.84
 6.28
 5.60
 6.07
 3.60
 6.21
 5.92
 6.17
 5.42
 6.26
 6.17
 5.92
 6.18
 4.90
 6.34
 2.66
 4.72
 6.34
 5.35
 5.98
 6.44
 6.42
 5.50
 5.51
 6.27
 6.43
 6.42
 4.83
 6.13
 3.41
 6.22
 6.25
 5.11
 6.37
 6.01
 5.27
 4.84
 5.92
 6.15
 5.82
 3.93
 3.62
 6.17
 5.79
 6.39
 6.27
 5.49
 6.31
 5.69
 6.11
 5.75
 6.46
 4.68
 5.90
 5.62
 5.90
 6.11
 6.44
 6.41
 6.03
 6.23
 6.43
 6.39
 5.95
 5.41
 5.69
 6.20
 6.39
 6.18
 4.10
 5.54
 5.66
 6.24
 0.45
 6.49
 6.43
 5.88
 3.59
 5.55
 5.94
 5.28
 6.38
 5.58
 5.01
 5.98
 5.76
 6.35
 4.96
 6.34
 5.63
 6.20
 6.33
 4.45
 6.20
 5.97
 5.75
 4.96
 5.70
 5.70
 5.63
 5.25
 6.35
 5.57
 5.52
 5.24
 4.98
 5.18
 6.33
 6.33
 5.78
 4.01
 6.32
 6.20
 3.49
 6.18
 6.32
 6.45
 6.25
 6.27
 4.26
 5.29
 5.37
 6.38
 5.49
 5.04
 6.18
 5.63
 6.05
 6.33
 6.33
 5.86
 5.91
 5.94
 5.78
 6.01
 6.35
 4.66
 6.37
 5.83
 6.14
 5.92
 5.94
 5.96
 6.44
 3.74
 6.42
 6.44
 5.53
 5.70
 6.28
 5.78
 3.42
 5.42
 6.09
 3.88
 4.61
 4.39
 6.44
 5.12
 3.35
 2.64
 6.25
 4.68
 6.28
 6.43
 6.07
 6.15
 5.76
 6.01
 5.89
 3.69
 4.97
 5.69
 6.37
 4.92
 6.10
 6.42
 4.82
 5.09
 5.84
 6.36
 4.79
 6.48
 6.37
 6.02
 5.70
 2.86
 6.46
 6.09
 5.89
 5.29
 5.57
 6.09
 5.43
 3.99
 5.89
 5.43
 5.34
 5.15
 4.49
 3.82
 4.99
 6.40
 5.97
 6.30
 6.00
 6.04
 5.50
 5.87
 5.59
 6.12
 5.42
 3.95
 5.64
 5.61
 6.24
 5.96
 2.10
 6.43
 4.68
 6.45
 6.44
 5.27
 5.22
 6.27
 6.29
 5.03
 6.01
 6.39
 2.01
 4.78
 6.38
 5.66
 6.07
 5.84
 6.40
 4.98
 6.05
 3.00
 6.48
 6.49
 6.32
 6.31
 6.12
 5.68
 6.09
 6.01
 5.64
 6.00
 6.24
 6.38
 5.94
 6.49
 4.94
 5.96
 5.65
 5.23
 6.46
 5.27
 4.36
 5.86
 5.72
 4.84
 6.25
 5.31
 6.43
 6.43
 6.05
 5.57
 6.05
 5.91
 6.35
 5.67
 5.57
 5.79
 5.25
 6.37
 3.56
 6.45
 6.48
 5.51
 4.84
 4.03
 5.75
 5.60
 5.99
 5.58
 5.29
 6.45
 6.33
 6.21
 5.31
 6.47
 6.44
 6.36
 5.81
 6.17
 5.57
 4.08
 6.40
 5.29
 5.43
 5.89
 6.30
 5.42
 5.16
 5.19
 5.81
 5.99
 5.90
 6.22
 6.47
 6.29
 6.45
 5.19
 6.17
 5.48
 5.36
 6.34
 6.25
 6.39
 4.73
 4.88
 5.88
 5.89
 4.24
 6.14
 6.45
 5.55
 6.16
 6.45
 5.13
 6.35
 4.30
 5.29
 6.11
 5.89
 4.46
 6.20
 6.09
 6.26
 5.88
 6.17
 6.14
 6.00
 6.21
 5.27
 5.27
 1.97
 4.74
 5.15
 5.36
 6.28
 5.84
 6.00
 5.91
 6.19
 4.96
 6.24
 5.74
 6.17
 6.36
 5.72
 5.38
 4.87
 5.53
 5.79
 5.74
 5.81
 5.64
 6.07
 5.91
 5.78
 6.48
 6.23
 5.30
 5.80
 5.65
 6.40
 5.17
 6.19
 5.84
 6.48
 6.29
 6.21
 5.45
 4.08
 4.83
 4.12
 4.74
 5.79
 6.26
 5.21
 4.11
 5.30
 5.72
 5.98
 6.07
 5.99
 6.09
 4.91
 5.74
 6.32
 5.40
 5.85
 6.30
 5.76
 3.47
 6.35
 6.23
 4.65
 6.48
 6.35
 5.43
 4.24
 6.15
 4.10
 6.40
 6.21
 5.78
 5.95
 4.27
 5.17
 4.47
 6.04
 5.73
 4.83
 6.48
 6.27
 6.28
 6.47
 6.45
 5.80
 4.52
 5.83
 5.89
 6.26
 5.25
 4.45
 5.26
 6.45
 6.25
 6.14
 5.39
 3.61
 5.92
 4.76
 4.22
 6.44
 5.48
 3.77
 6.36
 4.76
 5.52
 4.56
 5.86
 6.46
 6.38
 5.94
 6.03
 6.05
 6.31
 6.35
 6.47
 6.30
 6.23
 5.93
 5.93
 5.34
 6.22
 3.93
 5.76
 5.59
 5.97
 6.17
 3.89
 5.58
 6.05
 5.16
 6.22
 6.15
 6.29
 5.10
 5.44
 6.41
 6.06
 5.80
 5.82
 2.88
 5.22
 4.68
 6.14
 4.98
 4.94
 6.14
 4.63
 5.69
 6.32
 5.89
 5.56
 4.71
 5.47
 6.11
 5.93
 6.11
 5.24
 5.75
 5.88
 6.24
 5.91
 5.84
 6.20
 5.51
 2.54
 5.62
 4.08
 5.32
 5.81
 6.38
 5.12
 6.48
 5.26
 6.05
 6.37
 2.91
 3.32
 6.30
 6.06
 5.45
 4.77
 6.10
 5.49
 5.64
 5.23
 5.89
 6.13
 5.67
 6.38
 6.12
 6.18
 6.33
 2.09
 6.24
 6.28
 6.47
 4.05
 6.41
 3.79
 5.74
 6.42
 6.02
 6.11
 6.37
 5.97
 6.36
 6.25
 4.61
 6.08
 6.11
 4.35
 5.92
 4.85
 3.80
 6.15
 5.78
 5.92
 6.32
 5.55
 5.71
 5.07
 6.29
 5.93
 6.17
 4.87
 6.07
 6.25
 5.61
 6.30
 5.79
 6.46
 4.80
 5.51
 6.17
 6.25
 6.15
 5.04
 6.30
 5.98
 6.14
 6.44
 5.84
 6.41
 6.40
 5.53
 5.97
 5.49
 6.03
 5.93
 5.24
 4.86
 5.62
 5.16
 5.72
 4.85
 5.05
 4.84
 3.70
 5.63
 4.26
 5.91
 4.74
 5.44
 4.47
 6.14
 6.40
 5.70
 5.27
 5.50
 4.96
 6.40
 5.94
 5.55
 6.36
 5.10
 5.32
 6.20
 6.47
 6.37
 6.14
 6.03
 5.50
 1.79
 6.07
 5.78
 5.13
 3.61
 5.96
 6.39
 6.09
 6.33
 5.93
 6.47
 3.73
 6.29
 5.71
 5.74
 4.99
 6.49
 5.72
 6.49
 6.03
 5.58
 6.41
 4.21
 4.67
 4.71
 6.21
 5.57
 6.01
 4.55
 5.76
 5.68
 5.09
 6.14
 6.12
 6.37
 5.14
 4.36
 5.98
 5.82
 4.74
 5.93
 5.81
 4.14
 6.29
 6.41
 6.38
 5.47
 5.62
 5.30
 5.67
 5.76
 6.42
 5.91
 6.42
 3.72
 6.45
 5.79
 5.98
 6.37
 4.26
 6.20
 6.14
 5.95
 6.39
 6.25
 6.49
 6.48
 6.43
 6.49
 5.56
 5.24
 4.32
 6.29
 5.82
 4.29
 4.57
 6.40
 6.41
 6.29
 5.86
 6.01
 5.97
 6.25
 6.19
 6.18
 6.22
 5.55
 6.12
 6.35
 5.53
 6.11
 5.55
 6.49
 5.06
 4.99
 5.68
 4.97
 6.40
 5.74
 4.59
 3.01
 3.52
 5.59
 6.13
 6.45
 6.06
 3.84
 3.84
 6.09
 5.24
 5.60
 6.29
 6.10
 5.45
 6.49
 3.72
 5.56
 5.66
 3.77
 4.30
 5.72
 6.26
 6.45
 5.34
 3.87
 5.76
 5.66
 5.79
 4.78
 6.43
 4.43
 5.91
 4.14
 5.91
 4.22
 3.26
 2.85
 6.09
 5.24
 6.26
 6.21
 5.52
 6.44
 5.08
 6.18
 5.44
 5.81
 4.30
 5.91
 6.47
 5.95
 3.62
 5.05
 5.40
 6.46
 4.17
 4.39
 5.14
 5.82
 6.17
 6.05
 5.65
 6.47
 5.24
 4.59
 6.30
 6.31
 5.78
 5.66
 6.22
 5.48
 5.97
 6.21
 5.93
 6.35
 5.76
 5.11
 4.64
 5.80
 2.84
 4.46
 5.70
 6.46
 5.99
 5.39
 6.14
 6.37
 5.49
 6.31
 5.28
 6.18
 5.62
 6.09
 6.05
 4.99
 4.95
 6.19
 2.90
 2.97
 6.32
 6.05
 4.56
 5.85
 3.98
 5.61
 6.35
 4.62
 6.31
 5.93
 3.41
 5.89
 4.48
 6.39
 4.97
 5.28
 5.67
 5.38
 3.91
 6.47
 5.32
 5.45
 6.36
 5.36
 5.46
 5.62
 5.00
 6.12
 4.36
 5.90
 5.59
 6.34
 6.27
 5.88
 4.25
 5.18
 6.31
 6.14
 5.21
 6.49
 6.37
 6.02
 5.89
 6.07
 5.52
 3.96
 5.94
 5.51
 5.45
 6.25
 6.29
 6.49
 5.84
 5.10
 5.44
 6.43
 5.70
 5.39
 4.93
 5.75
 5.71
 5.80
 4.04
 6.45
 6.41
 6.09
 6.14
 6.33
 5.29
 6.24
 6.36
 6.45
 6.05
 6.25
 4.84
 6.47
 3.85
 4.87
 3.33
 5.22
 5.45
 6.31
 4.67
 4.12
 6.06
 4.43
 6.32
 4.27
 6.31
 4.26
 6.34
 4.44
 5.20
 5.69
 5.72
 4.93
 5.95
 5.88
 6.39
 3.55
 5.67
 6.22
 4.60
 6.00
 5.64
 6.09
 6.08
 6.36
 5.46
 5.33
 5.50
 5.34
 6.31
 3.65
 5.58
 6.16
 5.55
 5.95
 4.97
 4.93
 6.11
 5.26
 6.15
 5.38
 5.26
 5.76
 5.85
 6.15
 5.78
 5.86
 6.08
 4.80
 6.45
 5.40
 5.91
 5.24
 5.72
 5.91
 5.38
 3.77
 6.18
 5.81
 6.38
 5.64
 6.00
 6.25
 5.17
 5.10
 6.34
 3.97
 4.80
 6.28
 6.42
 5.73
 5.77
 5.97
 5.94
 6.38
 4.21
 5.27
 4.30
 6.44
 6.37
 5.29
 4.28
 4.48
 6.06
 4.69
 6.11
 6.23
 6.28
 5.42
 6.10
 5.53
 5.87
 5.74
 5.72
 6.14
 6.41
 5.51
 5.90
 4.96
 5.53
 3.84
 3.53
 5.95
 3.40
 5.02
 6.38
 5.61
 6.13
 5.47
 6.47
 5.58
 6.22
 4.78
 5.40
 6.18
 5.47
 5.95
 5.07
 6.28
 6.25
 6.25
 6.01
 4.91
 6.35
 5.78
 6.37
 5.76
 6.06
 6.09
 5.94
 4.49
 6.24
 5.79
 6.01
 4.65
 5.71
 3.30
 5.67
 5.20
 5.24
 6.09
 5.88
 6.37
 6.12
 3.81
 4.25
 6.33
 0.87
 6.34
 3.93
 5.91
 6.01
 4.25
 5.59
 6.28
 5.32
 6.49
 6.40
 5.22
 5.78
 4.27
 3.86
 5.85
 6.05
 4.99
 6.45
 5.38
 5.08
 4.67
 5.46
 6.21
 6.11
 5.07
 5.36
 5.45
 5.56
 4.32
 4.44
 5.73
 5.66
 5.97
 5.04
 4.27
 5.30
 5.30
 5.53
 5.66
 6.18
 5.86
 5.98
 6.24
 6.49
 5.78
 5.53
 6.09
 5.28
 5.39
 6.46
 5.72
 4.01
 6.34
 6.04
 6.46
 5.35
 5.99
 6.33
 6.18
 5.99
 5.49
 6.35
 5.29
 6.32
 5.76
 5.77
 6.04
 5.96
 5.57
 5.84
 6.27
 6.09
 3.19
 4.89
 5.03
 6.06
 6.36
 4.35
 5.58
 6.42
 5.64
 3.68
 5.08
 5.82
 6.11
 6.30
 5.47
 4.71
 4.79
 5.97
 5.68
 4.36
 6.28
 6.40
 5.33
 6.43
 4.26
 3.71
 5.18
 5.33
 5.98
 6.06
 6.11
 4.64
 6.11
 6.36
 5.52
 5.71
 5.47
 5.71
 5.79
 5.75
 6.42
 6.33
 6.10
 4.06
 5.50
 2.69
 6.25
 4.43
 5.51
 6.15
 5.79
 5.79
 6.34
 4.47
 5.84
 6.14
 5.65
 4.93
 6.09
 5.39
 4.78
 6.29
 5.95
 5.09
 6.46
 6.31
 6.22
 4.91
 4.80
 6.02
 6.03
 5.91
 3.03
 6.45
 5.01
 6.05
 5.92
 3.69
 5.30
 5.74
 5.86
 5.37
 6.20
 4.62
 6.11
 4.03
 6.42
 5.61
 6.30
 6.21
 6.14
 6.20
 4.55
 6.32
 4.65
 6.10
 6.04
 5.05
 6.26
 5.71
 6.10
 3.19
 4.71
 6.48
 6.49
 5.22
 6.26
 6.08
 6.00
 3.18
 6.04
 4.98
 5.12
 6.20
 6.47
 5.97
 4.91
 5.19
 6.15
 5.28
 6.33
 2.78
 5.33
 5.84
 5.50
 6.38
 5.80
 5.11
 4.25
 5.43
 6.43
 4.81
 6.37
 5.93
 6.11
 6.02
 5.67
 6.40
 6.24
 5.89
 5.60
 6.42
 5.18
 5.88
 4.45
 5.44
 5.90
 3.29
 6.17
 4.36
 4.46
 6.48
 4.82
 6.49
 6.08
 4.81
 6.33
 6.03
 6.22
 5.75
 0.18
 6.36
 5.50
 6.16
 6.15
 6.15
 5.06
 5.01
 6.49
 6.26
 6.48
 5.52
 6.45
 5.99
 6.42
 0.08
 4.81
 3.59
 5.48
 4.54
 5.81
 5.55
 6.15
 6.22
 5.96
 5.38
 4.69
 5.34
 6.12
 4.96
 6.37
 5.44
 5.98
 6.49
 6.13
 4.29
 6.33
 5.29
 5.05
 6.49
 5.46
 6.34
 5.64
 6.40
 4.70
 6.39
 6.43
 6.20
 6.35
 5.66
 6.05
 6.49
 5.68
 5.78
 4.72
 5.06
 5.22
 6.47
 6.10
 5.08
 4.99
 5.54
 6.49
 5.99
 6.45
 5.73
 5.24
 5.25
 6.34
 6.09
 5.69
 6.13
 4.13
 5.00
 5.64
 3.35
 5.07
 6.33
 6.30
 5.94
 5.02
 6.49
 4.89
 6.26
 6.09
 6.48
 5.60
 1.64
 6.44
 6.18
 5.78
 6.24
 6.23
 1.65
 5.14
 6.41
 5.92
 4.59
 6.18
 6.17
 6.02
 6.30
 5.86
 5.69
 5.40
 6.18
 6.36
 6.08
 4.88
 5.08
 5.52
 6.41
 6.41
 5.77
 2.81
 5.56
 6.35
 6.39
 5.47
 5.80
 6.20
 6.49
 4.71
 5.77
 5.46
 5.43
 6.18
 6.19
 6.21
 6.33
 5.93
 6.29
 6.38
 4.20
 5.99
 5.53
 3.86
 5.46
 6.23
 5.86
 5.18
 4.62
 2.25
 4.32
 5.50
 6.44
 6.15
 5.34
 4.71
 2.58
 5.45
 5.34
 5.75
 5.36
 5.67
 3.76
 6.27
 6.19
 6.42
 5.60
 6.45
 6.24
 5.92
 5.32
 6.25
 5.79
 4.39
 6.32
 5.67
 4.78
 3.39
 5.60
 5.76
 4.98
 5.13
 6.24
 4.98
 4.58
 2.75
 5.37
 6.40
 6.04
 5.24
 6.27
 6.10
 6.26
 1.69
 6.10
 5.74
 5.71
 6.08
 4.09
 6.28
 5.53
 5.97
 6.10
 5.65
 5.83
 6.15
 6.26
 6.15
 6.11
 6.03
 2.97
 5.28
 6.36
 6.16
 5.87
 6.43
 5.96
 5.40
 5.81
 3.77
 4.77
 6.45
 6.44
 4.50
 6.40
 5.98
 6.42
 6.49
 5.99
 2.65
 6.19
 5.18
 5.44
 6.04
 6.22
 6.23
 1.74
 6.46
 4.95
 5.93
 4.84
 6.21
 6.40
 6.35
 6.41
 6.22
 6.35
 6.18
 5.88
 6.15
 5.29
 5.62
 4.90
 5.97
 6.05
 6.31
 6.23
 5.73
 6.25
 6.38
 6.17
 3.59
 6.34
 4.34
 6.47
 6.09
 5.46
 5.18
 6.24
 5.31
 5.93
 5.95
 6.00
 5.78
 3.55
 6.47
 6.22
 6.18
 5.72
 6.19
 6.30
 3.85
 6.29
 5.47
 6.04
 6.49
 6.48
 5.28
 2.07
 5.26
 6.03
 5.97
 4.88
 6.18
 4.51
 4.89
 6.38
 5.49
 4.50
 5.87
 5.10
 5.79
 5.96
 5.46
 6.32
 5.54
 5.97
 5.16
 6.29
 3.12
 5.60
 4.72
 3.76
 5.36
 6.35
 6.28
 6.16
 3.97
 6.47
 5.95
 6.14
 5.93
 5.60
 5.96
 4.76
 5.62
 6.40
 6.04
 6.22
 4.88
 4.56
 4.65
 6.13
 6.34
 6.30
 4.39
 6.11
 5.62
 5.99
 5.29
 4.96
 5.55
 5.92
 5.20
 5.90
 0.45
 4.97
 5.87
 6.28
 5.95
 5.52
 3.71
 5.97
 6.35
 6.37
 6.44
 5.89
 6.03
 6.48
 4.36
 6.24
 6.22
 4.81
 6.21
 5.89
 5.81
 5.21
 5.70
 6.15
 5.04
 3.96
 5.90
 3.72
 1.90
 2.65
 6.42
 6.14
 4.30
 4.53
 6.21
 6.21
 5.65
 5.71
 6.04
 6.18
 6.04
 5.54
 6.17
 6.36
 5.98
 4.92
 6.41
 4.12
 6.20
 6.49
 6.04
 6.38
 6.23
 5.03
 6.08
 6.09
 5.14
 4.64
 4.16
 5.19
 5.65
 6.35
 6.39
 5.93
 5.67
 5.63
 4.92
 6.32
 5.90
 6.32
 6.28
 5.88
 5.80
 6.23
 5.79
 6.12
 4.67
 5.72
 6.01
 5.46
 5.35
 5.37
 6.42
 6.15
 5.74
 6.48
 5.04
 5.82
 6.15
 5.00
 4.42
 5.28
 5.50
 6.34
 6.26
 5.06
 6.46
 5.49
 5.70
 6.36
 6.48
 5.93
 5.56
 6.16
 5.75
 6.27
 5.71
 5.35
 5.54
 5.08
 4.72
 5.72
 6.28
 6.15
 6.37
 6.48
 6.08
 5.01
 6.04
 5.83
 5.78
 6.18
 6.28
 5.06
 4.45
 5.76
 4.95
 5.78
 5.36
 6.45
 6.43
 6.37
 6.07
 5.83
 5.86
 5.83
 5.20
 3.99
 3.31
 5.88
 5.91
 5.99
 4.32
 5.34
 6.09
 5.99
 5.62
 6.07
 5.37
 5.00
 5.44
 6.37
 5.97
 6.44
 6.09
 6.39
 5.04
 4.37
 6.00
 6.24
 5.54
 6.05
 5.39
 5.88
 5.70
 5.15
 6.40
 5.01
 6.12
 5.51
 6.33
 6.24
 6.04
 5.36
 4.76
 5.79
 6.27
 6.22
 4.44
 6.29
 5.76
 5.27
 4.91
 5.67
 3.02
 6.49
 5.55
 6.32
 6.41
 5.48
 6.30
 6.32
 5.34
 6.05
 3.85
 6.00
 5.56
 1.98
 5.60
 2.87
 6.30
 6.47
 6.31
 6.41
 6.11
 4.39
 6.27
 6.47
 5.61
-0.62
 5.62
 6.24
 5.21
 5.78
 6.12
 6.45
 6.35
 6.37
 6.30
 6.35
 4.92
 6.26
 6.26
 5.88
 6.30
 5.37
 6.24
 6.05
 5.76
 6.33
 6.39
 6.40
 6.42
 5.53
 6.16
 5.87
 6.32
 6.35
 5.21
 5.82
 6.48
 6.05
 5.19
 5.55
 5.55
 6.43
 6.22
 5.06
 4.47
 6.03
 6.48
 6.16
 6.24
 5.75
 5.76
 5.74
 6.32
 3.76
 4.13
 6.17
 5.20
 5.28
 5.88
 6.28
 5.92
 6.44
 6.16
 5.92
 5.86
 6.19
 6.17
 6.18
 6.15
 5.82
 5.58
 5.16
 6.31
 6.26
 6.38
 5.22
 5.43
 4.34
 5.69
 6.26
 5.88
 5.25
 5.60
 6.08
 5.82
 5.73
 6.30
 4.47
 6.44
 6.18
 6.39
 5.57
 5.09
 5.42
 6.45
 5.62
 6.44
 4.35
 4.54
 5.26
 5.78
 5.93
 5.59
 6.32
 6.36
 5.71
 5.40
 5.52
 3.95
 6.35
 5.95
 6.36
 6.03
 5.72
 6.05
 6.44
 6.39
 5.87
 6.17
 6.11
 5.94
 1.93
 3.17
 5.25
 6.14
 4.42
 6.26
 6.15
 6.14
 6.48
 5.76
 6.01
 5.05
 6.23
 5.70
 5.34
 6.09
 4.82
 4.80
 6.43
 6.02
 6.05
 5.70
 5.99
 6.35
 5.61
 5.75
 5.88
 4.66
 5.79
 6.16
 6.19
 6.45
 6.28
 6.48
 5.21
 6.36
 6.28
 5.20
 6.26
 5.04
 6.18
 6.21
 6.30
 6.36
 5.88
 3.06
 4.49
 6.28
 6.37
 6.47
 5.23
 5.42
 6.43
 6.10
-1.44
 3.35
 5.92
 6.04
 5.62
 5.81
 6.47
 5.30
 6.19
 4.86
 5.44
 5.92
 5.66
 6.45
 5.24
 5.34
 5.28
 5.39
 6.46
 6.07
 5.60
 4.77
 5.27
 6.35
 5.08
 5.22
 4.48
 3.24
 5.54
 5.75
 5.39
 6.16
 5.75
 5.72
 6.31
 6.49
 5.87
 3.50
 4.41
 5.14
 2.94
 6.11
 5.77
 5.74
 5.68
 6.32
 6.31
 4.99
 5.78
 4.99
 5.14
 5.41
 6.42
 5.28
 6.37
 5.94
 5.68
 6.30
 6.41
 6.47
 3.60
 5.75
 6.33
 6.10
 6.03
 5.34
 6.24
 6.32
 5.65
 6.13
 6.30
 4.82
 6.05
 5.11
 6.23
 6.46
 6.24
 3.89
 6.39
 4.08
 5.44
 6.32
 4.73
 6.20
 6.03
 5.80
 6.16
 6.31
 5.74
 6.28
 4.66
 5.29
 6.36
 5.00
 4.36
 4.94
 5.90
 5.85
 5.45
 6.27
 5.88
 6.31
 5.91
 6.03
 4.35
 6.23
 6.48
 6.26
 5.45
 4.90
 6.22
 6.36
 5.07
 5.59
 6.46
 1.50
 6.25
 6.26
 6.23
 6.41
 6.20
 5.96
 6.02
 6.34
 6.40
 6.26
 5.18
 4.55
 6.32
 5.73
 6.29
 5.95
 6.49
 6.28
 6.39
 5.14
 6.01
 5.64
 5.69
 3.49
 6.20
 5.22
 6.44
 5.78
 5.20
 5.96
 5.86
 4.99
 3.02
 5.50
 5.96
 5.93
 5.14
 4.11
 6.01
 4.92
 5.56
 6.44
 5.20
 5.63
 4.01
 5.14
 6.09
 6.37
 6.47
 6.00
 6.15
 5.78
 6.17
 6.49
 6.34
 6.40
 6.09
 5.55
 6.47
 6.48
 5.41
 6.09
 6.10
 5.80
 5.96
 6.46
 5.94
 5.75
 6.47
 5.74
 6.31
 5.47
 1.83
 6.19
 5.68
 3.78
 4.83
 6.23
 6.00
 5.69
 6.43
 6.23
 4.91
 5.46
 5.12
 4.41
 5.75
 5.44
 4.91
 5.84
 6.07
 4.15
 6.03
 6.10
 6.15
 5.91
 5.30
 5.94
 5.85
 4.49
 6.46
 5.77
 4.87
 5.07
 5.46
 5.99
 4.42
 6.12
 6.34
 6.32
 6.36
 5.80
 4.42
 5.90
 5.36
 6.02
 5.71
 4.75
 5.84
 5.72
 4.01
 5.58
 5.95
 6.42
 5.36
 5.96
 5.78
 5.95
 6.34
 5.54
 5.20
 5.75
 5.46
 5.64
 5.81
 4.66
 4.83
 6.02
 5.03
 3.97
 6.30
 6.38
 2.71
 6.29
 5.93
 6.48
 6.45
 5.87
 6.19
 5.86
 3.58
 4.65
 5.00
 5.24
 5.11
 4.88
 4.37
 5.29
 6.06
 6.31
 5.90
 5.70
 5.91
 6.45
 3.50
 5.50
 5.38
 6.00
 5.59
 6.33
 5.87
 5.74
 5.09
 6.42
 5.12
 5.99
 6.40
 4.94
 6.36
 6.23
 5.83
 6.43
 5.80
 5.40
 6.17
 5.04
 5.37
 5.41
 6.32
 2.45
 5.23
 6.20
 6.47
 5.77
 6.49
 5.18
 5.35
 6.14
 6.24
 5.80
 5.37
 5.79
 6.04
 6.30
 5.79
 5.54
 4.99
 6.32
 3.78
 5.98
 5.09
 6.38
 6.39
 5.90
 4.61
 5.94
 5.65
 5.60
 2.89
 6.47
 5.98
 5.20
 5.79
 5.55
 6.26
 5.22
 4.33
 6.36
 6.23
 5.95
 6.38
 5.70
 6.42
 5.78
 5.41
 4.16
 3.25
 5.60
 5.07
 6.05
 5.75
 5.86
 4.55
 5.01
 4.85
 5.35
 5.87
 5.95
 4.65
 6.24
 5.63
 4.92
 6.38
 5.45
 5.90
 5.24
 6.35
 5.84
 5.59
 6.27
 5.64
 6.21
 6.40
 5.27
 4.82
 5.42
 6.44
 4.44
 6.28
 6.11
 5.83
 5.06
 5.78
 1.58
 6.29
 5.34
 6.33
 4.65
 4.93
 4.06
 6.37
 6.39
 5.66
 6.40
 6.27
 5.66
 5.89
 5.69
 5.69
 5.93
 5.14
 6.34
 6.34
 4.53
 6.38
 5.93
 6.37
 4.69
 5.68
 6.20
 5.58
 5.78
 3.80
 6.06
 4.89
 6.18
 0.40
 6.40
 4.84
 5.04
 5.73
 5.76
 6.16
 5.99
 5.92
 5.77
 6.43
 4.98
 5.05
 6.01
 6.23
 6.09
 5.93
 5.58
 3.94
 5.41
 6.41
 6.16
 5.95
 3.93
 5.79
 5.55
 6.40
 6.05
 5.64
 6.20
 5.04
 4.93
 6.17
 5.60
 4.23
 6.25
 4.63
 5.12
 6.42
 3.94
 5.31
 5.30
 6.46
 5.80
 6.16
 6.40
 3.57
 5.62
 5.89
 6.37
 3.62
 6.02
 1.16
 6.06
 5.36
 6.10
 5.03
 5.49
 4.89
 5.87
 5.25
 6.31
 5.15
 5.93
 6.39
 6.33
 5.90
 6.46
 5.07
 5.14
 5.22
 6.31
 6.38
 5.48
 4.40
 6.14
 6.30
 4.69
 6.18
 5.32
 6.07
 5.57
 5.82
 5.78
 4.10
 5.94
 3.34
 6.32
 6.23
 6.42
 5.61
 6.34
 6.49
 5.78
 5.17
 6.11
 5.60
 5.89
 6.45
 6.17
 6.49
 6.38
 6.16
 6.43
 6.06
 6.03
 6.49
 6.34
 6.05
 6.37
 5.12
 5.62
 5.16
 6.03
 6.30
 3.71
 5.01
 5.69
 5.70
 6.36
 4.49
 5.76
 5.44
 4.63
 4.22
 4.97
 5.48
 6.25
 6.14
 5.47
 5.62
 6.36
 6.45
 5.86
 5.38
 6.23
 6.02
 5.74
 6.28
 6.16
 3.46
 4.20
 5.36
 6.09
 5.80
 6.14
 6.03
 6.35
 5.08
 6.21
 4.76
 5.59
 5.14
 6.46
 6.42
 4.47
 6.36
 5.30
 6.44
 6.05
 5.77
 5.98
 5.09
 6.35
 6.37
 6.33
 5.22
 6.05
 5.19
 6.30
 4.93
 4.61
 5.37
 6.01
 4.81
 6.13
 6.41
 5.60
 6.30
 5.87
 5.87
 6.34
 6.45
 4.69
 5.65
 5.78
 6.12
 5.99
 6.28
 5.90
 6.02
 6.32
 6.22
 6.34
 6.31
 4.39
 6.34
 6.09
 6.48
 5.52
 5.83
 6.28
 4.94
 2.21
 5.25
 6.35
 6.12
 5.96
 6.25
 6.21
 5.39
 5.52
 5.14
 6.18
 6.21
 6.15
 6.40
 5.96
 6.25
 5.04
 6.34
 6.35
 5.33
 2.83
 5.30
 4.35
 6.32
 4.78
 4.36
 6.36
 6.25
 6.37
 6.31
 4.74
 4.40
 5.66
 6.21
 6.26
 5.66
 1.75
 5.66
 6.47
 5.20
 5.23
 6.27
 5.91
 6.44
 6.46
 5.73
 5.53
 6.22
 6.42
 5.83
 4.72
 6.08
 6.48
 4.44
 4.73
 5.36
 5.77
 6.48
 4.67
 6.00
 5.34
 6.40
 6.03
 5.62
 4.99
 6.48
 4.78
 5.52
 5.14
 6.38
 6.49
 5.88
 5.09
 6.11
 4.42
 6.07
 6.47
 5.77
 6.39
 5.86
 6.45
 5.16
 6.44
 6.43
 6.22
 6.15
 3.53
 6.45
 6.32
 6.28
 6.42
 5.63
 6.47
 6.43
 6.42
 6.26
 5.59
 5.06
 5.95
 4.05
 4.44
 6.45
 6.31
 5.73
 6.44
 5.55
 5.33
 6.04
 5.63
 5.13
 6.18
 6.12
 5.80
 5.89
 6.12
 5.92
 4.34
 6.00
 6.11
 5.96
 5.18
 5.58
 4.83
 6.15
 5.71
 5.28
 6.40
 6.14
 1.86
 4.79
 6.42
 6.13
 5.88
 4.25
 5.92
 5.89
 6.28
 5.94
 5.52
 6.11
 5.67
 6.28
 5.61
 6.03
 6.02
 5.67
 5.97
 5.32
 6.08
 6.01
 5.18
 5.74
 6.44
 3.91
 3.77
 6.11
 5.95
 5.45
 5.13
 5.96
 6.07
 6.05
 5.60
 5.58
 5.52
 5.56
 6.30
 6.49
 6.33
 5.51
 5.08
 6.32
 5.75
 6.43
 6.42
 6.05
 5.94
 6.01
 5.33
 5.82
 5.03
 6.44
 6.36
 5.98
 5.89
 3.35
 5.61
 6.30
 6.39
 6.18
 6.31
 6.34
 5.71
 5.42
 5.33
 5.68
 6.38
 6.23
 6.48
 6.49
 6.11
 5.33
 6.38
 6.31
 5.88
 6.36
 6.35
 6.36
 6.19
 6.48
 6.20
 6.25
 5.92
 5.89
 6.26
 5.80
 6.04
 6.28
 6.40
 6.41
 5.47
 5.01
 5.76
 6.44
 5.27
 4.84
 6.35
 5.72
 5.95
 5.91
 5.79
 6.33
 6.31
 5.92
 5.45
 6.18
 4.11
 4.14
 5.24
 5.96
 5.66
 6.32
 6.45
 4.45
 6.34
 5.19
 5.05
 6.47
 5.63
 6.35
 5.91
 6.12
 5.45
 6.46
 4.86
 6.16
 5.18
 4.98
 3.97
 6.39
 4.59
 5.56
 3.60
 6.21
 5.20
 6.42
 6.29
 5.67
 4.31
 3.77
 6.34
 5.35
 5.90
 4.74
 5.46
 4.87
 5.20
 6.46
 5.48
 5.49
 6.26
 4.83
 6.42
 6.21
 6.05
 5.62
 4.30
 4.66
 3.68
 5.15
 4.63
 6.33
 6.37
 4.05
 6.03
 3.94
 1.93
 5.63
 5.74
 6.10
 6.13
 6.20
 6.41
 6.12
 6.45
 6.07
 5.79
 3.87
 5.70
 6.22
 4.32
 6.21
 5.43
 4.03
 4.50
 3.38
 6.33
 5.89
 5.28
 5.71
 6.48
 6.35
 6.29
 6.09
 6.43
 6.42
 4.35
 6.42
 6.20
 5.30
 5.47
 6.48
 4.94
 6.10
 5.19
 6.38
 5.86
 6.00
 6.17
 4.02
 6.22
 5.09
 5.34
 6.41
 6.36
 5.55
 5.59
 6.38
 6.49
 5.15
 5.98
 5.96
 6.34
 6.49
 6.25
 6.12
 5.67
 5.96
 5.92
 6.41
 6.39
 5.79
 6.02
 6.43
 6.35
 5.72
 5.78
 5.31
 6.42
 6.14
 5.40
 6.01
 6.36
 3.84
 5.70
 5.75
 6.26
 6.28
 3.11
 6.07
 4.87
 5.23
 6.47
 5.44
 6.39
 4.68
 5.90
 5.95
 6.13
 5.57
 5.43
 5.72
 5.44
 4.93
 6.17
 5.22
 5.68
 6.19
 5.88
 6.25
 4.26
 5.80
 5.17
 6.30
 3.12
 6.24
 5.17
 6.49
 5.23
 6.19
 4.45
 6.04
 6.21
 3.96
 5.80
 5.89
 6.20
 5.56
 5.89
 6.08
 6.39
 5.23
 6.07
 5.64
 6.25
 4.00
 4.74
 5.45
 5.85
 6.39
 3.57
 5.74
 6.46
 3.75
 6.43
 6.46
 4.47
 5.48
 4.66
 4.99
 6.37
 4.56
 6.10
 6.44
 6.16
 6.39
 5.23
 2.23
 5.42
 4.62
 6.47
 5.15
 5.60
 6.15
 6.48
 5.95
 5.95
 4.46
 5.73
 5.76
 5.16
 5.47
 6.48
 6.48
 5.59
 6.19
 6.04
 4.80
 6.04
 4.67
 3.43
 4.99
 6.37
 3.96
 5.78
 6.05
 6.34
 5.72
 6.13
 6.14
 6.49
 6.10
 5.56
 6.36
 5.54
 1.67
 6.27
 6.38
 6.31
 5.92
 6.48
 5.30
 6.46
 5.85
 5.26
 5.18
 3.89
 5.24
 5.85
 5.36
 5.98
 6.25
 6.02
 6.30
 6.32
 6.32
 4.92
 4.63
 5.28
 5.93
 6.02
 4.80
 4.34
 5.12
 5.49
 5.24
 6.45
 5.31
 2.21
 5.83
 5.38
 5.28
 5.86
 5.96
 6.33
 6.40
 6.14
 5.26
 5.94
 5.83
 3.82
 6.28
 5.79
 4.77
 6.40
 6.42
 4.80
 6.04
 6.14
 6.30
 4.79
 6.12
 3.14
 6.40
 6.16
 4.71
 5.79
 5.61
 5.56
 2.47
 5.74
 4.71
 6.27
 6.30
 6.41
 6.21
 6.47
 6.05
 5.99
 5.34
 6.05
 6.45
 4.47
 6.30
 6.31
 5.60
 5.77
 6.31
 6.24
 5.09
 6.01
 6.19
 6.05
 6.12
 5.46
 4.72
 1.99
 5.38
 6.33
 6.20
 5.40
 5.72
 5.90
 5.40
 5.91
 6.27
 4.59
 5.66
 4.51
 6.15
 6.14
 6.25
 6.26
 5.49
 5.45
 5.86
 5.88
 3.60
 5.87
 5.75
 3.16
 3.65
 5.91
 5.39
 5.86
 6.27
 5.46
 6.13
 4.32
 6.12
 4.99
 5.07
 4.54
 6.43
 5.35
 5.74
 6.11
 3.17
 5.95
 6.12
 6.43
 6.49
 5.02
 6.25
 5.92
 6.19
 5.12
 5.07
 6.26
 5.01
 4.54
 4.08
 4.54
 5.56
 4.47
 5.77
 4.81
 6.48
 6.33
 5.40
 6.32
 6.46
 6.18
 5.57
 6.18
 4.34
 5.68
 5.73
 4.28
 5.62
 5.44
 5.00
 5.96
 6.41
 6.45
 6.40
 6.39
 5.51
 5.28
 4.68
 4.51
 5.96
 6.40
 6.31
 3.90
 5.07
 6.37
 5.30
 5.80
 3.52
 4.76
 5.90
 6.26
 5.99
 5.61
 6.33
 4.93
 5.72
 6.39
 6.12
 6.36
 5.15
 6.15
 5.64
 5.56
 5.36
 4.78
 6.49
 6.18
 3.69
 6.45
 6.25
 6.47
 2.97
 6.22
 5.80
 5.43
 5.67
 5.65
 5.58
 5.09
 2.92
 6.09
 6.49
 6.44
 5.08
 6.05
 5.95
 6.10
 6.36
 5.09
 6.27
 6.24
 5.72
 5.56
 3.78
 6.47
 6.45
 5.79
 6.01
 5.62
 6.42
 4.11
 4.58
 6.48
 5.29
 6.08
 4.55
 6.34
 6.02
 5.07
 3.88
 6.28
 5.90
 5.95
 4.87
 5.72
 6.23
 5.71
 4.94
 6.29
 5.27
 6.39
 6.30
 6.39
 5.85
 5.83
 6.27
 3.52
 6.32
 6.18
 6.13
 5.97
 5.11
 6.06
 6.43
 6.34
 6.05
 5.26
 5.86
 6.48
 5.23
 6.11
 5.75
 5.50
 4.68
 5.53
 5.37
 6.42
 6.20
 6.20
 5.93
 5.68
 6.41
 6.18
 6.11
 6.14
 6.09
 6.30
 6.43
 5.70
 6.42
 5.71
 6.23
 4.60
 6.31
 6.27
 6.36
 5.06
 6.20
 5.59
 3.48
 4.49
 6.40
 4.39
 4.48
 6.45
 6.34
 6.23
 1.36
 6.31
 6.25
 5.26
 4.85
 5.80
 6.14
 6.24
 5.30
 5.91
 3.61
 5.98
 5.64
 6.34
 5.86
 6.23
 6.07
 6.43
 5.70
 6.28
 6.16
 6.45
 5.77
 6.07
 6.23
 6.42
 6.48
 5.27
 6.38
 5.78
 5.15
 3.29
 5.91
 6.05
 6.33
 6.36
 6.02
 3.85
 6.47
 6.18
 6.16
 6.17
 5.59
 6.22
 6.08
 5.49
 6.46
 5.95
 6.20
 5.42
 3.43
 5.84
 3.39
 3.45
 5.81
 6.48
 5.25
 5.74
 5.52
 5.97
 6.48
 6.31
 5.80
 6.42
 6.42
 5.66
 6.01
 6.00
 6.38
 4.59
 6.35
 4.78
 2.01
 6.31
 6.45
 5.66
 6.01
 4.50
 5.88
 6.47
 6.16
 6.34
 5.73
 6.12
 4.82
 3.06
 4.97
 6.06
 5.89
 6.25
 5.93
 6.45
 5.34
 6.39
 6.24
 6.36
 6.34
 4.94
 5.52
 6.33
 3.99
 6.18
 5.93
 5.61
 6.18
 5.60
 6.49
 4.72
 3.83
 6.13
 6.33
 5.58
 6.15
 4.28
 4.65
 6.00
 6.00
 6.01
 3.81
 4.20
 6.10
 6.42
 6.42
 6.37
 6.05
 5.27
 6.42
 5.19
 5.58
 5.57
 5.52
 6.32
 5.79
 6.19
 5.08
 4.72
 6.07
 4.82
 6.41
 6.20
 5.59
 4.94
 5.25
 4.89
 6.04
 5.90
 6.04
 5.76
 3.30
 5.43
 5.91
 5.98
 3.84
 5.02
 4.72
 6.09
 5.57
 5.08
 6.25
 5.07
 6.10
 5.67
 4.86
 5.16
 6.09
 5.50
 6.29
 4.11
 4.45
 6.49
 6.48
 6.29
 6.01
 5.08
 6.29
 5.71
 4.87
 6.43
 3.84
 5.47
 4.89
 6.42
 5.89
 4.91
 4.68
 4.69
 6.10
 6.04
 5.96
 5.55
 5.84
 6.08
 4.29
 6.33
 5.51
 6.36
 6.35
 6.25
 5.74
 5.97
 5.12
 6.02
 4.76
 6.24
 5.36
 5.63
 2.74
 5.51
 5.01
 5.77
 5.08
 4.58
 5.18
 5.79
 5.74
 6.45
 4.80
 6.27
 6.25
 6.32
 6.26
 6.43
 5.95
 6.27
 5.46
 4.45
 5.36
 6.38
 5.33
 6.26
 6.34
 5.50
 5.49
 5.23
 6.29
 2.69
 6.34
 4.87
 5.44
 5.14
 6.35
 6.29
 6.47
 6.46
 5.98
 5.87
 5.92
 6.40
 6.15
 5.32
 5.85
 6.42
 3.11
 5.85
 6.05
 5.61
 5.80
 5.95
 5.66
 5.57
 6.29
 6.37
 6.36
 5.26
 6.44
 6.31
 3.79
 6.26
 6.12
 5.23
 3.78
 5.91
 6.34
 6.45
 5.12
 5.99
 5.45
 4.66
 5.65
 5.95
 6.19
 5.73
 6.08
 6.45
 5.93
 6.40
 4.30
 5.91
 5.02
 5.91
 6.03
 6.17
 6.36
 4.60
 5.90
 6.16
 6.48
 6.36
 5.70
 6.16
 6.19
 6.22
 5.03
 5.88
 5.99
 4.08
 6.18
 5.81
 6.15
 4.37
 5.86
 5.47
 6.03
 6.41
 4.84
 6.44
 6.06
 4.98
 5.06
 6.35
 6.38
 4.73
 2.34
 6.48
 4.42
 6.21
 6.12
 5.51
 6.44
 6.44
 6.34
 5.95
 1.81
 6.16
 6.01
 5.67
 5.43
 4.62
 6.11
 4.92
 6.09
 5.69
 6.28
 6.39
 6.31
 6.07
 4.62
 6.40
 5.58
 5.52
 5.15
 6.44
 6.48
 6.47
 5.11
 3.93
 5.43
 5.70
 5.71
 5.89
 3.00
 6.07
 5.79
 6.34
 4.46
 6.30
 6.43
 6.24
 6.27
 6.40
 6.35
 6.11
 6.41
 5.37
 6.39
 4.59
 5.22
 6.12
 5.77
 5.74
 5.75
 6.33
 5.40
 5.79
 2.56
 3.33
 6.22
 4.56
 6.42
 5.31
 6.30
 4.45
 5.88
 6.11
 6.24
 6.46
 5.18
 6.06
 6.44
 3.79
 3.49
 6.35
 5.90
 4.76
 5.99
 3.56
 6.26
 6.46
 6.41
 6.20
 3.90
 4.05
 6.43
 6.43
 6.10
 4.99
 6.02
 5.82
 5.00
 6.05
 5.09
 5.08
 4.00
 5.39
 5.55
 6.13
 4.81
 4.06
 5.80
 5.21
 5.87
 5.58
 5.18
 6.35
 5.73
 6.33
 5.22
 6.49
 5.80
 5.93
 6.23
 4.95
 6.44
 6.09
 5.14
 5.30
 5.83
 6.45
 5.77
 5.74
 6.29
 4.77
 6.30
 5.54
 5.94
 6.40
 6.28
 3.82
 6.27
 5.07
 6.24
 5.12
 6.12
 4.93
 5.89
 5.46
 6.15
 5.94
 5.64
 5.13
 3.54
 6.05
 6.49
 5.39
 6.38
 5.76
 5.96
 5.95
 4.62
 5.50
 6.43
 6.45
 5.63
 5.64
 6.23
 3.11
 5.26
 5.19
 5.80
 5.84
 5.71
 6.30
 4.70
 4.30
 5.14
 6.32
 5.64
 5.46
 6.49
 5.94
 6.14
 5.15
 6.18
 6.46
 5.56
 6.22
 5.24
 6.29
 6.09
 5.48
 6.29
 6.49
 6.40
 5.01
 6.17
 6.21
 4.70
 6.35
 6.32
 5.95
 5.26
 4.93
 6.32
 5.31
 6.44
 5.54
 5.73
 6.28
 5.20
 6.21
 6.48
 5.32
 6.38
 5.98
 5.00
 6.10
 6.05
 6.02
 4.71
 6.26
 4.84
 3.63
 5.28
 4.04
 3.69
 4.11
 4.89
 5.27
 6.16
 6.48
 5.42
 5.31
 4.50
 4.75
 6.24
 5.90
 5.10
 6.15
 2.14
 6.05
 4.30
 5.73
 4.98
 6.13
 5.68
 6.48
 3.59
 6.37
 5.62
 4.47
 6.25
 6.34
 5.85
 4.89
 5.56
 4.29
 6.42
 6.17
 2.41
 6.31
 6.05
 6.46
 5.26
 6.38
 5.89
 5.58
 6.47
 5.93
 5.53
 6.13
 5.83
 5.17
 6.26
 6.22
 6.20
 5.59
 6.42
 5.44
 5.59
 6.42
 6.18
 6.49
 6.36
 6.04
 5.95
 6.34
 4.88
 5.36
 6.49
 6.21
 6.28
 5.54
 5.28
 4.65
 6.32
 6.16
 5.59
 5.22
 6.05
 6.41
 5.89
 6.24
 4.32
 5.15
 6.39
 6.44
 5.89
 6.48
 4.72
 6.27
 5.34
 6.30
 5.04
 5.95
 4.12
 5.78
 6.14
 6.30
 6.23
 6.37
 6.49
 6.23
 5.95
 4.14
 5.17
 4.46
 5.34
 2.58
 6.22
 4.02
 5.75
 5.51
 5.95
 6.34
 6.16
 5.72
 3.02
 6.40
 6.07
 6.01
 6.00
 6.48
 5.45
 6.08
 6.23
 3.97
 6.34
 5.66
 6.47
 5.60
 5.14
 5.91
 6.05
 6.34
 5.77
 5.85
 6.34
 6.34
 5.31
 6.20
 6.18
 5.82
 5.72
 2.79
 6.11
 6.27
 3.32
 6.24
 6.29
 2.58
 5.09
 5.69
 4.93
 6.21
 4.99
 6.33
 6.05
 6.06
 5.80
 5.71
 4.06
 6.36
 6.15
 4.24
 4.06
 6.23
 5.90
 5.47
 5.01
 6.44
 6.26
 6.38
 5.28
 3.89
 5.94
 6.16
 5.52
 4.97
 6.20
 5.20
 6.32
 4.72
 6.47
 5.54
 5.14
 3.59
 6.33
 5.91
 5.15
 6.21
 5.73
 4.78
 6.46
 5.38
 6.36
 6.47
 6.48
 5.66
 5.32
 6.39
 5.79
 6.03
 6.39
 4.76
 5.17
 6.41
 6.24
 5.82
 6.31
 6.10
 5.95
 6.03
 6.29
 6.09
 5.71
 6.32
 5.01
 4.92
 6.33
 4.82
 0.77
 6.25
 5.56
 4.35
 4.98
 6.02
 6.35
 5.38
 5.68
 6.36
 6.30
 6.23
 3.91
 6.05
 5.45
 6.21
 6.15
 5.29
 5.47
 5.68
 2.94
 5.78
 5.37
 6.00
 6.21
 6.07
 6.37
 5.01
 5.63
 6.20
 5.47
 1.59
 6.05
 6.19
 5.49
 5.96
 6.46
 4.30
 5.88
 3.84
 6.41
 5.74
 6.29
 6.26
 3.85
 6.28
 5.58
 5.42
 4.24
 5.48
 6.24
 6.38
 2.65
 5.76
 4.95
 4.80
 6.11
 5.03
 5.86
 6.22
 5.12
 6.20
 5.78
 6.40
 5.88
 5.70
 2.69
 5.41
 3.85
 6.33
 5.68
 6.00
 6.35
 6.22
 6.39
 5.86
 5.49
 6.46
 4.66
 6.39
 4.63
 6.26
 5.17
 5.84
 2.20
 6.02
 6.22
 2.74
 6.02
 4.88
 4.91
 5.57
 6.31
 4.66
 6.06
 5.27
 6.39
 5.99
 6.43
 6.41
 5.91
 6.38
 5.46
 6.33
 6.34
 5.95
 6.16
 5.42
 5.22
 4.69
 3.04
 5.65
 4.62
 5.12
 5.87
 6.31
 6.11
 5.88
 6.27
 5.43
 1.25
 6.42
 6.43
 6.47
 5.65
 5.83
 6.25
 6.29
 5.71
 5.92
 5.38
 5.76
 5.55
 5.87
 6.43
 6.26
 4.90
 5.70
 5.71
 6.48
 6.02
 4.93
 5.99
 6.14
 6.31
 6.32
 6.26
 6.29
 5.91
 4.33
 6.11
 4.89
 5.75
 4.25
 6.42
 6.45
 5.89
 6.25
 1.76
 6.25
 6.00
 4.77
 4.03
 5.08
 4.62
 5.75
 5.45
 5.89
 5.46
 5.23
 3.39
 6.18
 5.34
 5.61
 2.89
 5.84
 5.93
 6.48
 5.17
 6.11
 6.33
 6.31
 6.44
 6.00
 4.76
 5.79
 5.37
 4.88
 6.01
 5.99
 6.20
 4.93
 5.97
 6.01
 2.85
 3.61
 5.93
 4.83
 5.58
 6.24
 6.43
 6.44
 6.43
 5.20
 5.64
 4.71
 6.00
 5.53
 6.15
 5.59
 5.63
 4.27
 4.80
 5.98
 5.70
 6.20
 5.15
 5.44
 6.43
 6.34
 5.57
 4.94
 5.79
 6.32
 6.01
 6.25
 5.95
 5.91
 4.38
 4.32
 5.91
 6.05
 5.78
 5.24
 6.49
 5.92
 4.23
 6.32
 4.85
 5.04
 6.31
 4.58
 6.25
 5.76
 5.91
 6.19
 6.18
 6.10
 5.90
 6.26
 4.94
 6.16
 5.31
 5.91
 4.90
 5.84
 5.64
 5.84
 6.17
 4.79
 6.37
 5.77
 5.21
 6.46
 6.20
 6.43
 6.06
 5.19
 6.49
 5.10
 4.86
 5.82
 5.33
 6.36
 4.72
 4.78
 5.14
 4.74
 5.81
 6.18
 6.34
 2.99
 6.01
 6.04
 5.60
 6.20
 2.75
 5.47
 6.26
 6.00
 5.76
 6.21
 5.69
 6.34
 5.89
 5.81
 4.52
 6.18
 6.06
 5.36
 6.37
 6.17
 5.88
 6.48
 6.10
 2.23
 6.44
 4.52
 6.44
 5.76
 5.75
 5.04
 0.98
 3.99
 5.32
 5.65
 5.11
 5.82
 5.97
 5.88
 5.27
 5.69
 5.74
 6.31
 6.40
 6.27
 4.76
 6.34
 6.49
 4.97
 6.49
 5.40
 6.42
 6.17
 6.09
 5.65
 6.42
 5.04
 6.40
 6.18
 6.10
 3.90
 6.07
 6.48
 4.68
 6.01
 6.14
 6.45
 5.69
 6.11
 5.52
 5.21
 6.36
 5.60
 4.92
 6.37
 4.68
 6.32
 5.92
 3.38
 6.46
 6.46
 4.91
 5.70
 6.48
 6.48
 5.73
 6.48
 5.72
 5.96
 5.50
 5.63
 5.91
 4.82
 6.41
 6.49
 5.81
 6.11
 6.00
 6.46
 6.32
 6.49
 5.46
 5.57
 6.29
 5.61
 2.29
 5.74
 5.79
 6.21
 6.28
 6.31
 6.22
 5.73
 4.63
 5.56
 5.63
 5.85
 5.03
 4.99
 5.38
 6.16
 5.92
 6.30
 5.91
 5.98
 6.43
 5.96
 6.00
 5.35
 5.96
 6.12
 6.02
 6.44
 5.55
 6.21
 6.47
 6.42
 6.18
 5.81
 4.23
 5.50
 5.88
 6.42
 5.92
 5.68
 4.64
 5.97
 5.15
 6.33
 5.51
 6.40
 6.04
 4.50
 5.41
 5.92
 1.85
 5.46
 5.61
 4.19
 4.05
 3.41
 3.47
 4.92
 6.43
 5.97
 4.96
 6.19
 6.43
 6.00
 6.45
 6.39
 5.89
 6.43
 4.58
 6.34
 5.77
 5.73
 4.76
 4.32
 6.11
 5.26
 6.10
 6.48
 5.91
 4.75
 5.71
 5.53
 5.87
 5.70
 6.17
 5.83
 6.05
 2.68
 5.16
 5.74
 6.19
 5.66
 2.55
 5.95
 6.16
 6.31
 5.82
 6.14
 5.90
 6.00
 5.02
 6.14
 6.49
 4.71
 6.42
 3.83
 5.20
 6.20
 5.76
 6.01
 3.87
 5.92
 6.36
 5.77
 6.49
 6.09
 5.96
 6.23
 6.12
 5.98
 6.36
 4.23
 4.34
 6.34
 6.28
 5.47
 6.18
 6.16
 6.18
 6.32
 5.93
 6.08
 6.27
 6.25
 0.61
 6.30
 6.24
 6.39
 3.67
 6.35
 6.28
 5.69
 6.20
 4.36
 6.18
 3.25
 6.39
 2.06
 5.46
 6.43
 6.43
 6.45
 5.13
 6.39
 5.26
 6.02
 6.47
 4.80
 6.19
 6.34
 6.45
 5.96
 4.74
 4.82
 6.07
 4.93
 6.07
 6.14
 6.42
 5.18
 4.99
 6.35
 5.07
 4.18
 6.23
 5.53
 4.53
 6.09
 5.89
 5.53
 6.36
 6.23
 6.45
 6.38
 5.61
 5.29
 6.41
 5.03
 6.10
 6.40
 5.53
 6.31
-0.05
 4.07
 4.75
 6.44
 4.18
 6.38
 6.15
 6.25
 5.72
 6.47
 6.48
 6.22
 6.19
 5.84
 6.32
 4.80
 6.47
 4.89
 5.86
 6.47
 5.87
 4.52
 6.35
 5.41
 5.93
 3.55
 5.14
 6.18
 4.84
 6.33
 5.22
 6.42
 6.45
 5.55
 4.30
 4.05
 4.78
 5.57
 5.06
 4.76
 6.10
 4.41
 4.78
 6.22
 6.25
 6.41
 6.03
 4.86
 6.22
 5.99
 5.94
 6.39
 5.10
 6.19
 6.42
 6.43
 6.49
 5.34
 5.56
 4.04
 6.49
 6.28
 6.36
 6.48
 4.56
 4.33
 6.33
 5.40
 6.36
 4.31
 5.87
 5.83
 6.18
 4.25
 4.97
 4.81
 6.22
 5.58
 5.42
 6.46
 6.40
 6.36
 6.06
 6.06
 5.96
 5.51
 5.38
 6.01
 6.10
 6.39
 5.99
 5.84
 6.26
 3.57
 3.04
 6.00
 5.74
 5.91
 4.44
 6.07
 6.39
 5.86
 5.86
 6.27
 6.32
 6.46
 6.02
 5.74
 4.47
 6.49
 6.39
 2.33
 5.88
 6.39
 5.55
 6.13
 5.74
 6.20
 6.49
 5.39
 6.45
 6.03
 4.05
 5.74
 5.90
 5.83
 6.04
 5.39
 6.06
 6.37
 1.35
-0.01
 6.13
 6.30
 5.93
 4.49
 5.67
 3.78
 4.86
 5.55
 6.38
 6.40
 2.30
 6.21
 4.01
 6.34
 6.24
 3.18
 3.87
 5.70
 4.80
 6.39
 4.06
 5.72
 6.10
 4.92
 2.35
 6.10
 6.06
 6.27
 4.60
 5.36
 6.44
 6.15
 5.68
 6.33
 5.15
 5.78
 5.80
 6.43
 3.73
 5.74
 5.22
 5.90
 6.07
 6.05
 5.61
 6.30
 5.23
 3.83
 6.34
 5.76
 6.15
 5.89
 5.91
 6.15
 6.15
 6.21
 5.76
 5.68
 5.32
 6.49
 5.68
 5.80
 5.86
 4.42
 5.63
 5.47
 5.15
 2.07
 2.75
 6.18
 4.93
 4.54
 5.48
 6.44
 4.32
 6.27
 6.30
 5.91
 5.02
 5.59
 6.41
 6.00
 5.27
 5.78
 5.85
 6.09
 6.38
 5.18
 5.32
 6.12
 5.90
 5.38
 5.63
 6.06
 5.62
 6.36
 6.39
 5.08
 5.48
 4.47
 5.72
 6.28
 5.72
 5.51
 4.63
 5.37
 6.34
 2.68
 6.17
 5.65
 6.08
 5.88
 3.13
 6.45
 5.91
 6.10
 5.64
 6.20
 5.92
 6.35
 6.29
 4.91
 5.88
 5.52
 5.91
 5.71
 5.65
 3.49
 6.21
 5.83
 4.80
 6.38
 4.39
 5.45
 5.52
 4.83
 6.22
 3.25
 4.52
 6.29
 5.65
 5.16
 3.91
 5.13
 5.59
 6.48
 6.48
 6.27
 5.24
 6.13
 5.97
 6.35
 5.19
 6.41
 6.40
 4.93
 6.03
 5.77
 6.16
 6.49
 6.18
 5.75
 6.33
 5.67
 5.82
 5.85
 4.07
 6.16
 6.25
 5.76
 5.98
 5.75
 6.18
 6.29
 5.88
 5.45
 6.44
 3.88
 5.70
 5.90
 6.49
 4.54
 3.41
 6.32
 6.02
 4.83
 6.27
 6.09
 6.47
 6.07
 6.47
 6.31
 6.19
 5.84
 6.36
 5.98
 6.12
 5.75
 5.28
 6.18
 4.91
 5.15
 6.28
 5.32
 3.46
 5.62
 6.47
 6.47
 5.96
 5.15
 6.05
 5.52
 5.74
 6.46
 6.44
 5.04
 2.61
 5.02
 4.07
 4.85
 4.35
 6.30
 5.68
 5.88
 4.27
 6.18
 5.43
 2.87
 5.59
 5.04
 6.33
 6.19
 5.65
 5.51
 6.27
 6.14
 3.00
 6.34
 6.16
 6.14
 5.35
 6.36
 5.54
 3.22
 6.21
 3.57
 5.38
 5.65
 4.99
 6.29
 5.99
 5.56
 5.72
 3.37
 6.46
 4.54
 5.65
 4.99
 4.48
 6.49
 6.11
 5.72
 6.07
 4.92
 4.31
 5.36
 3.29
 4.60
 5.16
 6.26
 5.89
 5.46
 6.44
 5.46
 5.71
 6.01
 3.66
 5.90
 5.64
 6.49
 6.10
 5.15
 6.15
 6.45
 6.43
 6.38
 6.44
 6.32
 5.26
 6.23
 6.45
 6.20
 5.82
 6.39
 5.04
 5.74
 6.39
 5.00
 5.40
 6.28
 4.98
 6.49
 6.23
 6.22
 5.50
 5.53
 4.14
 5.50
 6.26
 6.40
 6.49
 5.82
 4.61
 6.36
 5.16
 5.13
 2.22
 3.80
 2.80
 5.14
 5.97
 3.91
 6.10
 6.30
 4.55
 6.04
 5.77
 6.26
 5.44
 5.93
 5.26
 4.11
 6.46
 3.60
 6.19
 5.85
 5.65
 5.79
 5.25
 4.34
 6.32
 5.76
 5.82
 5.84
 3.66
 6.45
 6.05
 6.12
 5.43
 5.36
 6.45
 6.19
 6.33
 4.64
 4.66
 5.95
 6.22
 6.45
 6.35
 4.97
 5.64
 6.21
 6.00
 4.64
 4.51
 5.34
 5.95
 5.80
 4.75
 6.02
 5.23
 4.75
 3.81
 5.48
 6.48
 5.57
 6.30
 6.46
 5.57
 5.86
 4.29
 5.41
 2.63
 5.93
 6.15
 6.41
 5.57
 6.32
 5.39
 3.65
 6.49
 4.42
 5.94
 5.19
 5.61
 6.24
 5.71
 6.41
 6.01
 5.85
 5.54
 6.41
 5.98
 5.89
 4.09
 6.05
 5.53
 4.59
 3.54
 5.86
 5.78
 6.11
 5.21
 3.71
 3.97
 4.63
 5.74
 4.79
 5.09
 4.74
 6.00
 6.20
 6.39
 5.81
 4.60
 6.29
 6.07
 5.04
 6.22
 6.21
 4.59
 4.13
 5.38
 5.41
 6.15
 5.45
 5.35
 5.87
 6.28
 6.14
 5.95
 2.83
 5.11
 5.63
 6.21
 5.73
 5.78
 6.26
 5.43
 6.31
 5.76
 6.04
 6.29
 6.32
 3.85
 6.11
 3.87
 5.14
 5.59
 6.31
 5.54
 5.78
 6.30
 4.14
 5.84
 4.96
 4.95
 6.31
 5.43
 2.89
 5.61
 5.74
 6.04
 4.99
 6.10
 6.40
 3.42
 5.47
 2.29
 5.53
 5.82
 6.21
 5.39
 6.12
 6.42
 5.10
 6.33
 4.98
 4.01
 6.38
 5.93
 4.82
 6.07
 4.72
 6.25
 6.19
 4.65
 5.79
 4.96
 4.90
 5.73
 4.63
 6.00
 6.07
 6.22
 6.40
 6.10
 6.46
 4.16
 5.91
 2.56
 4.90
 6.27
 6.35
 5.70
 6.39
 5.90
 5.44
 4.73
 4.22
 3.93
 6.32
 5.72
 6.15
 6.16
 4.31
 5.75
 5.63
 6.32
 5.00
 6.25
 5.35
 5.69
 6.47
 5.86
 4.23
 6.13
 4.73
 5.93
 6.33
 5.93
 5.57
 6.43
 6.18
 5.39
 5.50
 6.43
 5.48
 5.09
 5.86
 6.09
 5.74
 6.30
 5.89
 5.62
 4.00
 4.93
 6.39
 5.43
 5.67
 4.58
 6.21
 6.36
 6.48
 6.26
 5.46
 6.03
 5.78
 4.95
 6.45
 6.40
 5.24
 6.30
 2.73
 5.91
 6.41
 6.02
 6.32
 5.23
 6.06
 5.13
 6.14
 3.86
 5.72
 5.49
 6.14
 5.61
 6.09
 5.45
 5.80
 6.18
 6.40
 6.40
 4.97
 5.95
 5.37
 6.30
 4.95
 6.39
 4.80
 3.23
 5.97
 6.29
 5.93
 5.44
 5.53
 3.91
 4.01
 5.48
 6.04
 4.68
 5.76
 5.27
 6.11
 4.55
 2.90
 5.26
 3.74
 4.82
 4.86
 5.20
 5.32
 5.89
 5.40
 6.24
 6.41
 5.67
 6.45
 2.73
 5.37
 4.48
 5.83
 5.75
 5.42
 5.40
 6.32
 6.14
 5.53
 4.57
 4.57
 5.55
 6.11
 6.06
 4.22
 4.46
 6.35
 5.24
 4.62
 5.28
 4.94
 5.79
 5.67
 6.45
 4.90
 5.41
 4.83
 6.46
 6.31
 6.49
 1.06
 5.35
 6.09
 5.66
 6.44
 4.79
 2.78
 6.46
 5.24
 6.35
 5.19
 3.82
 6.25
 4.29
 5.76
 6.07
 4.24
 6.27
 5.31
 5.61
 4.45
 5.92
 5.63
 4.84
 3.86
 4.86
 4.20
 5.50
 6.43
 6.42
 5.50
 2.82
 5.83
 5.53
 5.07
 5.77
 4.18
 5.46
 6.36
 6.17
 2.54
 6.48
 6.30
 6.33
 5.28
 6.05
 5.83
 4.86
 6.44
 6.16
 5.93
 6.33
 6.25
 5.77
 6.30
 6.17
 6.08
 4.84
 6.47
 6.07
 6.25
 6.40
 2.81
 5.57
 5.89
 4.91
 6.07
 5.92
 5.62
 5.74
 5.84
 5.55
 6.48
 6.47
 6.23
 3.48
 6.18
 6.22
 4.23
 5.99
 6.02
 6.46
 6.21
 6.05
 6.02
 6.14
 5.96
 5.64
 5.99
 6.07
 4.84
 5.60
 6.02
 5.15
 4.21
 6.47
 5.74
 5.10
 5.48
 6.07
 5.55
 5.86
 5.22
 6.38
 6.03
 1.91
 4.82
 6.18
 5.91
 6.18
 3.77
 4.64
 2.29
 5.48
 6.32
 6.45
 6.29
 5.73
 6.16
 6.10
 5.51
 5.23
 5.03
 3.00
 6.12
 6.33
 6.36
 3.56
 6.35
 5.34
 5.99
 5.86
 5.95
 6.28
 4.70
 5.91
 4.39
 5.46
 6.07
 6.25
 5.84
 6.49
 3.62
 5.23
 6.34
 5.39
 5.78
 6.06
 6.30
 6.35
 5.35
 5.99
 6.29
 4.88
 6.33
 6.30
 6.29
 6.40
 5.94
 6.18
 5.57
 6.46
 6.27
 5.48
 6.15
 6.27
 6.38
 3.19
 6.35
 6.36
 5.53
 3.12
 6.48
 6.05
 6.41
 6.04
 5.79
 4.06
 5.88
 5.64
 5.74
 3.92
 5.98
 5.95
 5.69
 6.05
 4.82
 6.40
 6.16
 6.27
 5.27
 6.17
 6.43
 6.26
 6.28
 5.03
 6.33
 6.11
 6.41
 5.76
 4.97
 5.27
 6.19
 5.91
 6.07
 5.91
 6.35
 6.08
 6.48
 6.06
 5.73
 6.47
 6.19
 6.29
 4.83
 6.11
 6.45
 6.28
 6.00
 4.91
 4.89
 5.63
 6.18
 6.38
 6.29
 6.38
 5.56
 5.98
 6.15
 6.34
 6.26
 6.34
 6.44
 5.41
 6.06
 5.98
 6.46
 3.17
 5.93
 6.35
 5.07
 5.43
 6.37
 2.43
 6.30
 5.06
 6.20
 5.94
 6.12
 6.34
 3.32
 5.66
 6.30
 6.21
 6.12
 5.32
 5.54
 5.95
 5.87
 6.08
 6.42
 2.78
 3.12
 3.16
 5.60
 5.98
 4.33
 5.95
 5.99
 6.20
 6.33
 6.17
 6.09
 6.32
 5.89
 6.24
 4.72
 6.08
 6.31
 5.53
 6.46
 4.80
 6.25
 4.64
 5.14
 6.00
 6.28
 6.36
 5.97
 5.03
 5.76
 5.68
 5.91
 5.47
 5.93
 6.27
 5.74
 6.43
 6.03
 6.31
 5.36
 5.01
 5.51
 6.36
 5.38
 4.32
 6.46
 5.13
 4.39
 6.37
 6.35
 6.36
 5.55
 5.69
 4.76
 3.27
 5.39
 6.42
 6.33
 6.28
 5.91
 5.86
 5.76
 5.21
 5.30
 4.15
 5.77
 5.69
 6.48
 5.70
 5.10
 5.76
 6.25
 5.75
 6.34
 6.34
 5.82
 6.44
 6.14
 6.17
 2.84
 3.31
 6.46
 5.65
 6.09
 6.44
 5.19
 6.38
 6.49
 6.01
 4.16
 4.34
 4.53
 5.83
 5.94
 5.52
 5.28
 6.42
 6.17
 6.20
 6.48
 5.90
 4.28
 5.98
 6.42
 5.72
 6.37
 6.22
 5.93
 5.41
 5.98
 6.30
 6.38
 6.36
 6.47
 5.31
 2.79
 6.43
 6.22
 4.41
 2.70
 5.78
 5.63
 3.60
 5.57
 5.99
 4.78
 5.83
 6.05
 6.43
 6.04
 5.66
 2.84
 5.07
 4.89
 4.35
 6.42
 4.86
 6.16
 5.72
 5.84
 5.65
 5.61
 6.15
 1.62
 5.68
 6.36
 6.32
 5.80
 5.69
 5.54
 2.08
 5.23
 6.47
 6.09
 6.26
 4.56
 6.13
 6.48
 6.11
 6.40
 6.37
 4.26
 6.04
 5.35
 6.33
 4.77
 5.87
 1.86
 6.26
 5.89
 5.76
 3.54
 5.94
 4.58
 5.25
 6.09
 5.74
 6.19
 6.12
 6.25
 3.82
 6.05
 6.08
 4.76
 6.36
 6.30
 6.48
 6.01
 6.37
 6.34
 5.78
 6.00
 4.24
 5.97
 4.57
 5.81
 5.54
 6.28
 5.56
 2.39
 5.53
 6.38
 6.44
 6.40
 5.73
 6.22
 4.86
 2.76
 6.30
 6.36
 5.75
 5.12
 6.18
 6.16
 5.87
 5.97
 6.22
 3.61
 3.42
 6.41
 5.61
 6.47
 4.53
 2.99
 5.93
 6.18
 3.75
 6.22
 5.69
 6.31
 6.09
 6.13
 5.09
 5.02
 4.79
 6.44
 5.02
 3.19
 6.41
 6.25
 4.78
 5.51
 5.68
 6.19
 6.14
 6.09
 5.94
 5.78
 6.09
 6.43
 6.33
 6.37
 6.01
 5.88
 5.84
 5.91
 6.18
 6.05
 6.19
 6.03
 6.17
 5.77
 5.17
 6.48
 6.14
 5.58
 3.73
 6.00
 6.41
 6.24
 6.39
 6.10
 6.18
 6.05
 5.43
 6.09
 5.47
 5.62
 6.48
 3.86
 5.82
 5.93
 6.36
 2.24
 5.76
 4.85
 5.44
 6.22
 6.46
 6.28
 5.95
 6.32
 6.33
 6.08
 6.26
 3.70
 4.88
 6.28
 4.41
 5.99
 6.03
 6.48
 5.74
 3.32
 5.00
 5.86
 4.74
 5.69
 6.22
 6.11
 4.67
 5.74
 6.36
 4.79
 6.42
 4.62
 6.01
 3.93
 6.36
 6.28
 6.27
 4.26
 6.45
 6.18
 4.42
 6.30
 5.72
 5.25
 6.22
 5.37
 4.77
 6.26
 6.41
 5.89
 6.14
 6.34
 5.98
 6.38
 4.66
 6.37
 4.03
 6.18
 2.98
 5.72
 4.96
 5.84
 6.32
 6.46
 5.74
 5.94
 3.65
 4.92
 6.31
 5.05
 6.32
 6.22
 4.64
 3.71
 5.00
 3.84
 6.40
 5.52
 5.79
 5.83
 5.49
 4.55
 6.13
 6.34
 4.33
 6.42
 4.37
 5.10
 6.36
 5.71
 6.38
 6.38
 5.67
 6.38
 5.57
 6.39
 5.53
 6.09
 5.47
 5.97
 5.50
 6.13
 6.07
 5.86
 4.52
 6.33
 5.86
 4.96
 5.98
 4.96
 5.86
 6.36
 6.04
 5.47
 6.14
 3.84
 6.43
 4.99
 5.49
 6.47
 5.29
 5.96
 5.96
 6.05
 6.30
 5.56
 5.58
 5.45
 6.35
 6.10
 5.99
 6.06
 6.12
 5.36
 5.81
 6.36
 6.18
 6.29
 6.03
 3.10
 6.32
 6.29
 4.66
 6.24
 6.45
 6.30
 5.41
 5.30
 6.17
 4.33
 6.01
 6.30
 5.39
 4.92
 4.22
 4.85
 6.46
 5.61
 2.72
 5.12
 3.55
 6.39
 3.23
 5.76
 6.14
 6.19
 5.02
 6.15
 5.41
 5.09
 5.99
 5.25
 5.33
 6.32
 6.22
 5.71
 4.35
 5.52
 5.47
 4.66
 3.85
 6.35
 4.98
 6.41
 6.36
 6.16
 1.79
 5.11
 5.24
 6.45
 6.28
 6.15
 6.27
 5.58
 4.81
 6.14
 6.13
 5.64
 6.30
 6.37
 5.81
 4.82
 5.44
 3.49
 5.20
 6.43
 6.31
 5.90
 6.07
 6.19
 2.82
 5.71
 6.28
 6.49
 5.63
 4.10
 4.67
 6.36
 5.95
 5.87
 5.38
 5.65
 6.02
 5.69
 5.74
 5.63
 6.27
 6.49
 6.02
 5.76
 5.37
 4.63
 5.77
 5.12
 4.92
 5.71
 5.93
 5.07
 6.41
 6.36
 5.16
 4.77
 5.47
 5.88
 5.47
 5.88
 6.22
 6.36
 6.31
 5.67
 6.42
 6.40
 4.62
 5.74
 5.49
 5.38
 5.28
 6.21
 6.48
 5.12
 3.85
 5.79
 6.10
 6.49
 5.62
 6.47
 6.21
 6.36
 6.07
 5.38
 5.41
 5.43
 6.21
 0.03
 6.31
 5.74
 5.76
 5.93
 6.49
 6.02
 6.49
 5.78
 5.85
 5.84
 6.25
 5.42
 6.36
 6.26
 6.00
 5.82
 6.43
 6.45
 6.10
 6.47
 6.41
 6.40
 6.22
 6.49
 6.27
 4.70
 6.35
 6.13
 5.03
 6.32
 4.01
 6.28
 6.45
 6.18
 4.88
 6.04
 5.76
 5.11
 6.30
 5.68
 6.31
 6.02
 4.86
 4.67
 4.59
 6.30
 4.34
 5.73
 5.82
 5.02
 6.26
 5.40
 6.04
 6.35
 6.22
 4.78
 5.82
 6.40
 3.17
 4.19
 5.25
 6.24
 6.34
 4.83
 6.06
 5.37
 5.37
 5.89
 6.18
 5.91
 5.69
 4.34
 4.22
 5.38
 5.20
 6.39
 6.06
 6.20
 6.12
 6.19
 5.71
 6.49
 6.46
 5.46
 5.89
 5.80
 5.60
 6.24
 5.22
 5.99
 6.04
 5.93
 5.22
 3.52
 6.48
 6.37
 6.29
 5.82
 4.63
 6.08
 5.51
 6.22
 6.10
 6.19
 6.28
 6.47
 4.22
 5.43
 5.51
 6.28
 6.12
 5.18
 6.17
 6.27
 6.17
 6.30
 4.92
 6.33
 5.58
 6.24
 5.68
 4.86
 5.64
 4.82
 4.22
 5.08
 4.57
 5.84
 5.29
 5.46
 5.99
 5.00
 2.05
 4.08
 6.48
 5.58
 5.56
 5.91
 5.69
 4.62
 4.98
 5.35
 6.20
 6.14
 5.62
 6.45
 5.36
 5.67
 6.47
 4.40
 5.20
 4.83
 6.27
 5.56
 5.02
 6.47
 6.29
 3.52
 5.89
 6.35
 5.33
 6.09
 6.22
 6.14
 4.85
 5.14
 4.83
 6.20
 5.91
 3.25
 6.32
 5.27
 6.49
 6.43
 5.51
 6.37
 6.49
 4.02
 5.26
 6.28
 4.94
 5.98
 5.39
 6.35
 5.51
 6.04
 6.44
 6.47
 5.69
 5.00
 6.31
 6.25
 4.02
 6.39
 6.44
 6.35
 6.21
 6.25
 5.63
 2.60
 6.11
 5.40
 5.96
 4.74
 6.37
 5.73
 5.89
 5.82
 5.93
 6.30
 6.48
 5.49
 3.76
 5.40
 5.40
 5.63
 6.07
 6.45
 2.99
 5.93
 6.32
 3.43
 5.17
 4.23
 5.53
 5.78
 6.00
 6.15
 6.29
 5.95
 3.32
 5.07
 6.28
 5.25
 5.20
 6.05
 6.08
 6.22
 6.30
 5.56
 4.57
 5.88
 6.44
 5.23
 5.11
 4.11
 6.44
 6.26
 2.88
 6.11
 6.34
 5.31
 5.86
 4.10
 6.34
 6.28
 6.20
 6.35
 5.13
 5.93
 5.85
 6.39
 3.07
 6.02
 5.35
 6.12
 5.79
 5.51
 5.14
 6.47
 4.43
 5.00
 5.91
 6.03
 5.65
 6.27
 5.58
 5.88
 4.86
 6.25
 4.45
 6.46
 6.18
 4.76
 5.38
 4.35
 5.65
 6.25
 5.59
 6.02
 6.42
 3.80
 5.52
 4.88
 5.46
 6.19
 5.28
 6.36
 5.10
 6.32
 6.40
 6.31
 6.09
 6.25
 6.23
 6.29
 5.53
 5.59
 6.03
 5.91
 4.98
 6.30
 5.46
 5.59
 4.60
 6.48
 6.22
 6.25
 6.06
 3.92
 4.52
 5.84
 6.33
 5.81
 6.09
 6.42
 3.96
 6.34
 5.22
 5.03
 6.31
 4.27
 6.37
 6.40
 3.96
 5.85
 6.33
 6.44
 4.99
 6.13
 6.27
 6.03
 5.17
 5.91
 5.02
 5.72
 6.31
 6.19
 5.14
 5.45
 3.36
 5.17
 5.71
 5.60
 5.57
 5.76
 6.38
 5.84
 4.64
 5.66
 5.73
 6.31
 6.30
 5.70
 5.84
 4.44
 5.82
 5.79
 6.25
 6.34
 6.37
 5.57
 5.70
 3.76
 5.46
 6.14
 6.08
 6.09
 6.29
 5.03
 3.05
 5.12
 6.26
 6.11
 6.06
 5.98
 6.37
 5.55
 5.89
 4.74
 6.48
 4.67
 5.76
 6.30
 5.59
 6.00
 6.35
 4.45
 5.89
 5.71
 5.00
 5.34
 6.47
 5.39
 6.39
 5.12
 4.88
 6.37
 6.32
 6.27
 6.03
 6.47
 5.64
 6.33
 6.37
 6.13
 4.49
 5.17
 4.59
 4.36
 5.98
 4.93
 5.66
 6.43
 5.67
 5.46
 6.44
 5.45
 6.47
 6.19
 5.89
 6.36
 5.18
 4.68
 6.37
 5.41
 6.25
 6.24
 6.10
 6.33
 6.37
 4.39
 5.97
 6.49
 6.24
 6.17
 5.64
 5.30
 5.06
 4.39
 5.98
 6.43
 6.08
 5.99
 6.25
 6.22
 6.31
 6.42
 6.33
 5.06
 5.28
 5.93
 6.08
 6.37
 6.29
 5.49
 6.14
 6.28
 5.50
 5.86
 6.04
 6.27
 4.89
 5.90
 6.25
 6.39
 6.43
 6.36
 2.86
 6.38
 5.89
 6.14
 6.47
 5.51
 2.72
 4.87
 5.00
 6.18
 6.34
 3.68
 6.14
 5.83
 6.00
 5.33
 6.11
 3.84
 6.44
 5.75
 6.47
 6.42
 6.27
 5.01
 6.00
 6.04
 5.39
 6.12
 6.44
 6.45
 6.46
 5.91
 6.49
 6.21
 5.18
 5.68
 5.03
 5.41
 0.76
 5.38
 6.13
 6.04
 5.12
 4.90
 6.12
 6.25
 6.22
 6.47
 5.32
 5.60
 5.54
 6.16
 5.91
 5.88
 6.13
 6.24
 3.87
 5.76
 6.30
 6.47
 5.14
 5.63
 4.57
 6.06
 5.76
 4.71
 6.22
 5.56
 5.70
 6.49
 6.14
 6.21
 5.60
 5.79
 6.47
 4.12
 3.71
 6.49
 6.10
 4.91
 4.70
 4.95
 4.98
 5.71
 6.39
 5.28
 3.89
 6.16
 6.03
 6.46
 4.54
 5.24
 5.46
 5.54
 6.44
 5.01
 6.15
 6.33
 5.51
 5.74
 6.32
 3.51
 6.38
 6.27
 4.84
 5.68
 6.14
 5.92
 6.17
 6.20
 4.37
 5.87
 5.30
 5.15
 5.33
 6.49
 5.95
 5.65
 5.75
 6.18
 6.11
 3.97
 5.80
 5.90
 4.66
 6.23
 5.06
 6.01
 6.31
 5.22
 5.88
 4.95
 5.32
 5.69
 5.23
 6.27
 4.43
 6.39
 4.51
 5.99
 5.73
 4.77
 5.73
 6.45
 6.44
 5.80
 5.51
 4.99
 5.67
 6.16
 5.62
 6.24
 6.32
 6.38
 6.14
 5.09
 6.18
 6.19
 6.37
 6.07
 5.40
 6.47
 5.81
 5.38
 5.08
 4.93
 6.26
 6.12
 6.43
 5.97
 6.39
 6.47
 6.45
 6.18
 6.34
 3.55
 4.38
 6.46
 6.49
 4.93
 5.51
 6.24
 6.36
 6.39
 5.32
 3.24
 6.24
 5.70
 5.51
 6.34
 5.91
 6.20
 5.84
 6.01
 6.25
 6.47
 5.44
 4.80
 4.28
 5.81
 6.47
 3.80
 6.13
 6.47
 5.19
 4.94
 5.65
 6.09
 4.93
 4.79
 5.73
 5.70
 3.96
 5.18
 6.36
 4.50
 6.30
 5.87
 6.28
 6.44
 6.11
 6.30
 6.30
 6.47
 5.30
 5.27
 6.32
 5.91
 6.24
 4.30
 4.77
 5.86
 3.58
 5.83
 5.76
 5.58
 5.14
 6.46
 6.28
 6.35
 6.27
 6.13
 5.28
 6.20
 5.71
 6.05
 6.49
 5.96
 5.59
 6.22
 6.17
 5.82
 6.23
 6.27
 4.77
 6.09
 6.46
 3.05
 5.69
 6.49
 6.26
 6.38
 5.50
 5.58
 2.23
 5.60
 6.09
 5.95
 6.16
 6.20
 6.29
 5.30
 5.87
 4.43
 5.64
 6.49
 6.14
 6.41
 6.15
 6.44
 5.86
 1.94
 5.68
 6.10
 6.32
 6.08
 6.45
 6.35
 6.23
 6.38
 6.24
 5.73
 6.39
 6.44
 5.08
 5.63
 6.23
 5.38
 6.20
 6.12
 6.41
 6.09
 4.77
 6.19
 5.90
 4.01
 5.89
 5.96
 6.13
 4.21
 4.91
 5.94
 6.43
 6.23
 4.94
 6.03
 6.35
 6.21
 6.21
 6.10
 5.44
 6.20
 5.18
 6.47
 6.14
 6.37
 6.47
 5.66
 6.35
 4.03
 5.76
 4.61
 5.78
 5.12
 5.39
 6.42
 6.49
 6.11
 6.42
 6.19
 6.45
 6.41
 4.64
 6.19
 4.75
 6.36
 6.09
 6.40
 6.34
 4.91
 5.59
 6.21
 6.21
 6.32
 3.64
 3.11
 4.86
 5.42
 6.38
 6.22
 5.89
 4.31
 4.81
 5.06
 5.91
 5.69
 5.68
 6.45
 5.99
 6.46
 5.07
 6.08
 6.23
 5.24
 5.15
 6.07
 3.77
 6.22
 6.39
 5.11
 5.15
 5.97
 6.36
 6.02
 5.47
 5.79
 6.02
 6.43
 6.25
 5.53
 6.01
 5.75
 6.29
 6.28
 1.25
 5.68
 5.14
 6.24
 5.99
 5.41
 5.75
 6.17
 6.30
 5.59
 6.34
 6.48
 4.43
 4.51
 5.91
 4.92
 3.42
 3.41
 4.52
 4.22
 4.13
 5.91
 2.48
 6.49
 5.48
 6.34
 6.30
 5.15
 4.27
 6.28
 4.93
 6.41
 4.53
 5.36
 3.78
 4.43
 6.38
 5.57
 5.60
 6.29
 6.47
 5.11
 6.26
 4.81
 6.24
 6.45
 5.86
 5.41
 6.20
 4.90
 6.01
 6.32
 6.33
 4.89
 6.20
 5.06
 5.87
 6.42
 5.52
 5.99
 5.66
 5.06
 5.67
 4.12
 6.06
 6.42
 4.56
 5.55
 4.73
 6.32
 6.38
 6.36
 4.80
 5.48
 6.35
 5.34
 5.47
 6.44
 6.41
 5.03
 6.23
 5.99
 5.78
 3.67
 5.19
 5.54
 6.04
 5.68
 6.23
 5.83
 5.92
 5.96
 5.70
 5.49
 3.94
 6.06
 5.89
 5.30
 5.55
 5.51
 5.59
 6.17
 5.95
 5.30
 5.24
 6.47
 5.54
 6.26
 4.74
 6.10
 5.98
 5.76
 5.69
 6.21
 6.26
 6.07
 5.38
 6.01
 4.67
 6.36
 6.04
 5.83
 6.18
 5.93
 5.32
 6.33
 6.24
 6.10
 6.25
 6.37
 6.32
 5.93
 6.34
 5.53
 4.82
 5.63
 6.41
 5.13
 6.34
 3.72
 5.17
 5.94
 5.91
 4.08
 5.69
 5.88
 6.13
 5.20
 5.55
 5.77
 4.56
 6.48
 5.20
 6.05
 4.49
 6.27
 6.45
 6.18
 6.14
 5.75
 5.30
 5.60
 5.45
 5.67
 6.47
 6.25
 4.50
 6.44
 5.75
 4.70
 6.46
 6.07
 6.27
 6.18
 6.47
 5.64
 5.83
 3.21
 5.25
 5.41
 5.97
 5.06
 6.12
 6.07
 6.27
 6.38
 6.18
 4.47
 6.38
 3.74
 6.05
 6.20
 6.45
 5.17
 5.92
 5.31
 5.73
 6.13
 3.92
 6.36
 6.45
 6.23
 6.48
 6.12
 6.41
 6.00
 6.42
 6.17
 4.22
 4.41
 4.71
 5.40
 6.32
 5.83
 5.04
 6.43
 2.45
 5.97
 6.40
 6.15
 5.51
 5.89
 5.19
 5.75
 4.39
 6.15
 6.29
 6.11
 4.80
 6.45
 6.39
 5.58
 5.87
 5.81
 6.40
 6.05
 5.68
 4.08
 4.28
 6.07
 5.16
 5.99
 5.63
 6.46
 6.47
 5.70
 6.20
 6.38
 5.38
 5.48
 6.28
 6.30
 6.35
 6.33
 5.76
 5.67
 5.97
 6.38
 5.71
 5.48
 6.09
 5.59
 5.93
 6.45
 6.10
 5.64
 4.21
 6.08
 6.12
 3.77
 6.01
 5.29
 5.50
 5.78
 5.30
 6.11
 5.39
 5.42
 5.75
 6.39
 3.23
 4.50
 5.47
 6.14
 5.84
 6.42
 6.39
 5.22
 6.41
 4.52
 6.02
 5.53
 6.10
 6.17
 2.90
 6.43
 6.42
 5.29
 5.97
 6.43
 5.77
 6.43
 6.27
 6.47
 5.57
 6.35
 3.98
 6.32
 6.17
 6.45
 6.41
 6.47
 4.87
 5.70
 6.42
 6.39
 5.79
 6.25
 6.47
 6.22
 5.96
 5.73
 6.36
 6.10
 5.04
 4.51
 6.19
 6.22
 6.16
 6.19
 4.68
 5.46
 4.76
 6.22
 5.66
 6.18
 6.17
 5.74
 5.77
 6.28
 6.07
 5.10
 6.20
 3.69
 5.09
 6.33
 6.16
 3.73
 5.16
 6.07
 4.55
 5.24
 5.98
 4.69
 6.11
 5.66
 5.30
 5.73
 6.06
 6.10
 4.72
 6.10
 5.18
 5.88
 5.51
 6.23
 5.69
 4.23
 6.47
 6.43
 6.49
 5.96
 4.49
 2.38
 6.28
 4.34
 5.96
 4.14
 5.94
 4.35
 5.10
 6.40
 6.46
 4.25
 6.02
 6.44
 5.29
 6.00
 6.28
 5.57
 4.23
 6.45
 2.85
 6.18
 5.63
 5.53
 6.17
 5.02
 6.25
 5.57
 6.10
 6.49
 6.18
 6.27
 6.48
 6.31
 5.07
 5.62
 5.34
 6.38
 5.52
 5.27
 6.20
 5.78
 6.37
 6.19
 5.70
 6.27
 5.52
 5.09
 5.08
 5.69
 3.00
 6.14
 5.71
 6.36
 6.43
 6.24
 5.74
 5.92
 6.17
 5.84
 6.41
 6.17
 5.45
 6.39
 5.11
 5.54
 6.18
 6.41
 6.32
 4.40
 6.33
 6.13
 6.06
 5.96
 6.24
 5.04
 5.50
 6.00
 6.02
 6.46
 5.43
 5.60
 5.61
 5.65
 5.79
 6.39
 6.36
 5.55
 6.28
 6.39
 5.57
 5.94
 5.55
 4.69
 4.74
 5.83
 4.26
 5.26
 6.45
 6.36
 5.97
 5.29
 5.27
 6.38
 5.07
 5.75
 6.16
 5.69
 4.86
 2.95
 5.62
 6.26
 5.09
 4.47
 6.19
 6.38
 4.29
 3.77
 6.34
 6.17
 5.74
 6.31
 5.79
 1.73
 6.41
 6.08
 4.50
 4.99
 6.11
 6.37
 5.80
 5.58
 6.36
 4.79
 5.37
 6.43
 4.28
 6.44
 4.94
 3.52
 6.36
 6.18
 6.28
 6.36
 6.45
 5.98
 5.78
 5.43
 5.52
 3.39
 6.30
 6.10
 5.38
 5.05
 5.24
 5.93
 6.13
 6.29
 5.37
 5.97
 5.76
 6.04
 6.39
 5.34
 6.11
 6.19
 5.27
 5.87
 5.58
 5.53
 6.13
 4.50
 5.33
 5.45
 6.23
 5.72
 4.18
 6.10
 4.79
 4.14
 6.21
 5.88
 5.11
 6.38
 6.16
 6.14
 5.34
 4.17
 5.80
 6.17
 5.75
 6.46
 5.49
 6.39
 5.75
 5.36
 2.87
 6.19
 5.96
 5.09
 5.35
 5.37
 6.41
 6.46
 6.40
 6.18
 6.46
 4.55
 4.78
 4.82
 5.12
 3.86
 6.38
 6.42
 6.45
 6.18
 6.04
 6.44
 5.62
 5.53
 5.92
 4.42
 6.20
 6.18
 5.79
 5.76
 4.55
 5.28
 5.31
 5.78
 4.80
 6.26
 6.12
 5.47
 6.29
 5.55
 5.76
 5.83
 6.46
 5.52
 4.51
 6.16
 6.00
 4.78
 6.48
 6.30
 5.56
 5.47
 3.65
 5.60
 6.31
 5.79
 4.07
 3.97
 4.34
 4.12
 5.95
 5.45
 5.51
 6.41
 5.64
 6.41
 6.36
 4.52
 4.82
 6.43
 3.76
 6.15
 6.15
 4.29
 6.33
 5.76
 6.39
 5.70
 6.41
 5.88
 6.43
 6.35
 4.91
 6.01
 6.26
 5.72
 5.88
 5.21
 4.04
 6.15
 5.97
 5.08
 6.39
 6.37
 5.73
 6.22
 6.29
 6.11
 6.28
 5.82
 6.42
 6.28
 5.85
 6.30
 5.80
 4.64
 5.04
 6.38
 6.23
 5.11
 5.19
 6.46
 5.66
 5.84
 4.89
 6.03
 6.30
 6.33
 5.94
 5.88
 4.50
 4.18
 6.32
 5.98
 5.72
 3.41
 5.25
 6.36
 5.93
 4.80
 5.92
 6.28
 6.14
 6.12
 5.99
 2.07
 6.06
 6.43
 2.93
 6.45
 6.39
 6.40
 4.84
 4.68
 5.93
 5.11
 6.29
 6.43
 6.47
 6.45
 6.27
 6.37
 4.84
 5.52
 4.13
 5.84
 6.49
 3.97
 4.20
 6.28
 6.33
 4.77
 5.24
 6.49
 5.68
 6.31
 5.82
 6.36
 6.19
 3.49
 6.07
 6.14
 6.19
 6.35
 4.05
 3.50
 5.43
 6.34
 3.51
 6.23
 5.91
 5.32
 5.43
 5.89
 5.99
 5.61
 6.47
 4.95
 6.14
 5.16
 4.46
 3.73
 6.46
 5.86
 6.01
 6.33
 5.80
 6.03
 5.79
 6.37
 5.82
 4.70
 6.20
 6.39
 3.27
 6.04
 5.53
 6.11
 5.91
 5.72
 4.91
 6.40
 6.36
 5.73
 6.09
 4.20
 5.60
 6.48
 4.99
 5.72
 5.34
 6.31
 5.45
 6.28
 1.17
 6.17
 6.17
 6.38
 6.43
 6.15
 6.35
 6.46
 6.31
 5.76
 5.43
 6.12
 5.51
 5.10
 5.66
 6.30
 6.22
 5.85
 4.11
 5.68
 5.55
 6.27
 6.23
 6.24
 5.94
 6.44
 3.62
 6.43
 6.18
 6.46
 5.09
 5.97
 6.37
 6.43
 5.12
 5.25
 2.44
 4.48
 5.79
 6.42
 4.64
 5.37
 2.49
 5.53
 6.43
 5.44
 6.15
 6.39
 6.16
 6.44
 4.84
 4.48
 4.28
 5.62
 4.54
 6.38
 4.76
 6.33
 6.12
 6.41
 5.81
 6.13
 5.97
 5.30
 5.68
 6.25
 4.41
 6.21
 5.60
 6.11
 6.18
 5.42
 3.68
 5.05
 5.68
 5.88
 6.47
 6.43
 4.71
 5.83
 5.39
 5.90
 6.47
 3.88
 5.91
 5.68
 5.15
 6.19
 6.43
 4.53
 6.34
 5.57
 5.85
 6.47
 6.12
 6.32
 4.22
 6.41
 6.36
 5.89
 6.13
 5.77
 5.56
 5.55
 4.24
 5.92
 5.58
 6.49
 4.93
 5.64
 6.24
 3.70
 6.44
 6.35
 3.99
 6.33
 4.82
 4.41
 6.48
 5.54
 6.15
 5.98
 4.75
 4.41
 4.99
 6.49
 5.19
 5.20
 6.34
 5.56
 5.96
 6.32
 5.44
 6.29
 6.35
 5.81
 6.39
 5.05
 6.41
 4.58
 6.17
 6.25
 5.58
 6.04
 5.77
 5.65
 5.35
 6.38
 5.56
 5.19
 6.28
 6.08
 3.96
 5.09
 6.33
 6.12
 6.13
 6.46
 6.18
 6.37
 5.75
 4.96
 5.56
 5.60
 4.42
 4.38
 6.43
 5.53
 4.95
 5.56
 5.75
 6.47
 6.22
 6.26
 5.63
 5.60
 5.99
 4.27
 6.34
 5.50
 6.37
 6.20
 6.43
 5.66
 6.45
 4.54
 6.35
 6.26
 4.89
 6.19
 6.07
 6.39
 5.22
 6.02
 6.24
 6.41
 6.39
 6.41
 4.38
 4.70
 5.82
 5.33
 6.25
 6.10
 4.97
 5.91
 5.55
 5.63
 6.18
 5.95
 5.86
 4.69
 6.47
 6.40
 6.44
 5.68
 6.35
 5.81
 3.81
 5.66
 6.26
 4.74
 5.49
 6.38
 4.29
 5.99
 5.35
 5.95
 3.21
 5.98
 6.07
 4.97
 5.99
 4.13
 6.49
 4.15
 5.30
 6.24
 5.89
 6.26
 5.36
 4.82
 6.24
 5.89
 4.49
 6.43
 5.27
 6.40
 4.49
 6.30
 6.44
 5.09
 4.93
 6.08
 5.73
 5.24
 6.06
 6.23
 5.74
 6.46
 5.28
 6.32
 4.97
 4.95
 5.95
 5.55
 4.88
 5.74
 5.18
 6.08
 5.05
 5.49
 6.09
 6.41
 6.47
 5.43
 6.33
 4.59
 6.36
 5.77
 6.21
 5.95
 5.86
 6.44
 5.93
 6.47
 5.70
 6.49
 5.77
 5.17
 5.59
 5.10
 6.13
 6.36
 5.06
 5.85
 5.30
 5.76
 5.93
 6.29
 6.23
 6.34
 4.51
 6.03
 5.78
 6.22
 6.09
 6.01
 6.03
 6.45
 6.31
 6.18
 6.01
 6.26
 5.57
 6.45
 5.95
 5.72
 6.47
 5.00
 4.63
 6.28
 4.88
 5.13
 4.88
 4.03
 5.59
 5.81
 4.49

